Full Name,Gender,Age,State,Job Classification,Date Joined,Balance,marital,education,houseloan,otherloan,contact,duration,campaign,poutcome,y
Christy  Olson,Male,21,California,White Collar,05.Jan.2017,"$169,864.42 ",married,primary,no,no,cellular,79,1,unknown,no
Dan  Peterson,Female,34,Oregon,Blue Collar,06.Jan.2017,"$55,102.60 ",married,secondary,yes,yes,cellular,220,1,failure,no
Mable  Lindsey,Male,46,California,White Collar,07.Jan.2017,"$151,546.03 ",single,tertiary,yes,no,cellular,185,1,failure,no
Kyle  Carr,Male,32,Wyoming,White Collar,08.Jan.2017,"$2,120.19 ",married,tertiary,yes,yes,unknown,199,4,unknown,no
Rachel  Gomez,Female,38,California,Blue Collar,09.Jan.2017,"$53,192.24 ",married,secondary,yes,no,unknown,226,1,unknown,no
Isabel  Cross,Female,30,Wyoming,Blue Collar,09.Jan.2017,"$182,750.42 ",single,tertiary,no,no,cellular,141,2,failure,no
Billie  Chandler,Female,34,California,Blue Collar,11.Jan.2017,"$63,998.28 ",married,tertiary,yes,no,cellular,341,1,other,no
Sylvester  Morales,Female,48,Nevada,Other,11.Jan.2017,"$54,745.04 ",married,secondary,yes,no,cellular,151,2,unknown,no
Rachel  Gomez,Female,33,Wyoming,White Collar,11.Jan.2017,"$110,870.69 ",married,tertiary,yes,no,unknown,57,2,unknown,no
Beth  Tucker,Male,42,California,White Collar,12.Jan.2017,"$16,285.76 ",married,primary,yes,yes,cellular,313,1,failure,no
Shari  Silva,Male,40,California,White Collar,12.Jan.2017,"$59,204.24 ",married,secondary,yes,no,unknown,273,1,unknown,no
Drew  Rogers,Male,39,California,White Collar,12.Jan.2017,"$48,180.04 ",married,secondary,yes,no,cellular,113,2,unknown,no
Arturo  Francis,Male,24,California,White Collar,12.Jan.2017,"$60,866.63 ",married,tertiary,no,no,cellular,328,2,unknown,no
Mable  Lindsey,Male,46,Nevada,Other,12.Jan.2017,"$72,821.60 ",single,secondary,no,no,cellular,261,1,unknown,yes
Shari  Silva,Female,36,Wyoming,Other,12.Jan.2017,"$4,246.33 ",married,secondary,yes,yes,cellular,89,1,failure,no
Rachel  Gomez,Male,42,California,White Collar,14.Jan.2017,"$3,158.00 ",married,tertiary,no,yes,cellular,189,2,unknown,no
Jenny  Garcia,Female,31,Nevada,Other,14.Jan.2017,"$15,455.70 ",married,secondary,no,no,cellular,239,5,unknown,no
Colleen  Warren,Female,42,Nevada,Other,14.Jan.2017,"$5,672.69 ",single,tertiary,yes,no,cellular,114,1,failure,no
Pauline  Beck,Male,40,California,Blue Collar,15.Jan.2017,"$97,811.49 ",single,primary,yes,no,unknown,250,1,unknown,no
Shari  Silva,Female,46,California,Blue Collar,15.Jan.2017,"$17,106.94 ",married,secondary,no,no,cellular,148,1,other,no
Jenny  Garcia,Male,37,Wyoming,Other,16.Jan.2017,"$47,429.72 ",divorced,unknown,yes,no,cellular,96,2,unknown,no
Ben  Perez,Male,58,Nevada,Blue Collar,18.Jan.2017,"$31,719.37 ",divorced,tertiary,no,no,cellular,140,3,unknown,no
Cassandra  Franklin,Female,41,Wyoming,White Collar,18.Jan.2017,"$99,678.79 ",single,secondary,no,no,unknown,109,2,unknown,no
Elaine  Ellis,Male,52,Nevada,Blue Collar,19.Jan.2017,"$9,820.63 ",married,secondary,no,no,cellular,125,2,unknown,no
Beth  Tucker,Female,38,California,White Collar,20.Jan.2017,"$30,603.48 ",married,tertiary,no,no,cellular,169,3,unknown,no
Cassandra  Franklin,Male,55,Nevada,Blue Collar,21.Jan.2017,"$64,549.66 ",married,tertiary,no,no,cellular,182,2,unknown,no
Colleen  Warren,Female,37,Oregon,White Collar,23.Jan.2017,"$5,919.72 ",married,primary,yes,no,unknown,247,1,unknown,no
Cassandra  Franklin,Female,33,California,White Collar,25.Jan.2017,"$5,115.78 ",married,unknown,no,no,telephone,119,1,failure,no
Cassandra  Franklin,Male,50,Nevada,Blue Collar,25.Jan.2017,"$30,619.57 ",married,secondary,no,yes,cellular,149,2,unknown,no
Nellie  Joseph,Male,42,California,White Collar,27.Jan.2017,"$16,138.57 ",married,secondary,no,yes,cellular,74,2,unknown,no
Guillermo  Potter,Female,25,California,White Collar,28.Jan.2017,"$58,042.94 ",divorced,secondary,no,no,telephone,897,2,unknown,yes
Lynette  Brewer,Male,30,Wyoming,White Collar,28.Jan.2017,"$21,034.36 ",married,secondary,no,no,cellular,81,3,unknown,no
Rachel  Gomez,Female,58,Nevada,Other,29.Jan.2017,"$38,603.30 ",married,secondary,no,no,cellular,40,1,unknown,no
Lance  Yates,Male,26,California,Other,30.Jan.2017,"$8,705.42 ",single,tertiary,yes,no,cellular,958,6,unknown,yes
Arturo  Francis,Female,34,California,Blue Collar,31.Jan.2017,"$116,132.24 ",married,tertiary,no,no,cellular,354,3,unknown,yes
Lula  Daniels,Female,36,California,White Collar,31.Jan.2017,"$47,283.10 ",divorced,secondary,yes,no,unknown,150,1,unknown,no
Bethany  Pena,Female,33,California,White Collar,31.Jan.2017,"$30,602.06 ",divorced,primary,no,no,telephone,97,1,unknown,yes
Robert  Munoz,Male,31,California,Other,31.Jan.2017,"$8,488.61 ",married,secondary,yes,no,cellular,132,1,unknown,yes
Shari  Silva,Male,35,Nevada,Blue Collar,31.Jan.2017,"$19,175.52 ",married,secondary,yes,no,cellular,765,1,failure,yes
Cindy  Becker,Male,59,Nevada,Other,31.Jan.2017,"$170,828.72 ",single,tertiary,yes,no,unknown,16,18,unknown,no
Guillermo  Potter,Male,27,California,Blue Collar,01.Feb.2017,"$76,733.75 ",single,tertiary,yes,no,unknown,609,2,failure,no
Sandra  Floyd,Female,35,California,White Collar,01.Feb.2017,"$14,469.72 ",single,tertiary,no,no,cellular,106,2,unknown,no
Billie  Chandler,Male,49,Nevada,Blue Collar,01.Feb.2017,"$170,179.43 ",married,secondary,yes,no,cellular,365,1,unknown,no
Isabel  Cross,Female,22,Oregon,Other,01.Feb.2017,"$160,786.69 ",married,tertiary,yes,no,cellular,205,3,unknown,no
Bernadette  Page,Female,53,California,Other,03.Feb.2017,"$4,316.72 ",single,tertiary,yes,no,cellular,11,4,unknown,no
Andrew  Meyer,Female,47,Nevada,Other,03.Feb.2017,"$81,475.55 ",single,tertiary,yes,no,unknown,105,2,unknown,no
Lee  Mack,Female,32,Nevada,Other,03.Feb.2017,"$88,806.93 ",married,primary,no,no,telephone,59,3,other,no
Bobbie  Ryan,Female,19,Oregon,Other,08.Feb.2017,"$21,398.25 ",married,primary,yes,no,unknown,425,1,unknown,no
Trevor  Jones,Male,27,California,White Collar,12.Feb.2017,"$35,702.84 ",single,primary,yes,yes,cellular,204,1,unknown,no
Eric  Rose,Male,39,California,White Collar,12.Feb.2017,"$58,258.43 ",married,unknown,yes,no,cellular,181,1,success,yes
Donna  Reid,Female,29,California,Blue Collar,12.Feb.2017,"$2,090.21 ",divorced,primary,no,no,unknown,1018,3,unknown,yes
Ivan  Adkins,Female,31,California,Blue Collar,12.Feb.2017,"$62,127.25 ",single,secondary,yes,no,cellular,1740,2,unknown,no
Billie  Chandler,Female,37,California,Other,12.Feb.2017,"$70,971.21 ",single,secondary,no,no,cellular,98,2,unknown,no
Jenny  Garcia,Female,32,California,White Collar,12.Feb.2017,"$36,099.99 ",married,tertiary,yes,no,cellular,441,1,other,yes
Andrew  Meyer,Male,24,California,White Collar,12.Feb.2017,"$7,330.18 ",married,secondary,yes,no,cellular,272,3,unknown,no
Brooke  Horton,Male,40,California,White Collar,12.Feb.2017,"$87,149.94 ",married,secondary,yes,no,telephone,159,2,unknown,no
Max  Rodgers,Female,33,California,Blue Collar,12.Feb.2017,"$86,616.27 ",married,secondary,no,yes,telephone,140,1,unknown,no
Eric  Rose,Male,44,California,White Collar,12.Feb.2017,"$53,477.93 ",single,tertiary,no,no,cellular,295,1,unknown,no
Rachel  Gomez,Male,39,California,Other,12.Feb.2017,"$2,804.27 ",single,secondary,yes,yes,unknown,314,1,unknown,no
Max  Rodgers,Male,47,California,White Collar,12.Feb.2017,"$34,887.43 ",divorced,secondary,yes,yes,unknown,579,1,unknown,no
Robert  Munoz,Female,35,California,White Collar,12.Feb.2017,"$6,843.64 ",married,primary,no,yes,telephone,554,3,unknown,no
Don  Gonzales,Female,47,California,Other,12.Feb.2017,"$30,351.96 ",married,secondary,yes,no,cellular,323,1,unknown,no
Cecilia  Manning,Male,47,California,White Collar,12.Feb.2017,"$33,453.64 ",married,tertiary,no,no,cellular,227,2,unknown,no
Cindy  Becker,Female,39,California,White Collar,12.Feb.2017,"$60,155.60 ",married,secondary,no,no,cellular,134,2,unknown,no
Brooke  Horton,Female,50,Nevada,Other,12.Feb.2017,"$27,000.55 ",married,secondary,no,no,cellular,223,1,unknown,no
Ivan  Adkins,Male,43,Nevada,Blue Collar,12.Feb.2017,"$29,963.90 ",divorced,secondary,yes,no,cellular,134,1,failure,no
Christina  Fuller,Male,47,Nevada,Blue Collar,12.Feb.2017,"$7,909.67 ",married,secondary,yes,no,cellular,155,1,unknown,no
Peter  Hodges,Male,61,Nevada,Blue Collar,12.Feb.2017,"$10,688.72 ",married,secondary,yes,no,cellular,130,4,unknown,no
Ben  Perez,Male,53,Nevada,Blue Collar,12.Feb.2017,"$53,358.78 ",married,secondary,no,yes,cellular,630,3,unknown,no
Andrew  Meyer,Male,45,Nevada,Other,12.Feb.2017,"$22,407.12 ",single,tertiary,no,no,cellular,164,2,unknown,no
Peter  Hodges,Male,49,Nevada,Blue Collar,12.Feb.2017,"$104,537.99 ",married,tertiary,no,no,cellular,268,2,success,yes
Billie  Chandler,Female,51,Nevada,Other,12.Feb.2017,"$53,636.40 ",divorced,tertiary,yes,no,unknown,380,1,unknown,no
Robert  Munoz,Female,36,Wyoming,White Collar,12.Feb.2017,"$61,852.40 ",single,tertiary,yes,no,unknown,154,2,unknown,no
Salvador  Bass,Male,45,Wyoming,Other,12.Feb.2017,"$54,770.04 ",married,tertiary,yes,no,unknown,154,5,unknown,no
Salvador  Bass,Female,30,Oregon,White Collar,12.Feb.2017,$29.91 ,married,secondary,yes,no,unknown,221,1,unknown,no
Bobbie  Ryan,Male,44,Nevada,Blue Collar,24.Feb.2017,"$86,920.39 ",divorced,tertiary,no,no,cellular,67,2,unknown,no
Andrew  Meyer,Male,38,California,White Collar,09.Mar.2017,"$42,549.96 ",divorced,secondary,yes,no,cellular,367,2,other,no
Drew  Rogers,Female,36,California,Other,10.Mar.2017,"$57,782.78 ",single,secondary,no,yes,cellular,87,6,unknown,no
Isabel  Cross,Female,23,Wyoming,Blue Collar,15.Mar.2017,"$10,999.30 ",divorced,primary,no,no,cellular,701,1,unknown,no
Della  Jensen,Male,34,California,White Collar,16.Mar.2017,$364.88 ,married,secondary,yes,no,cellular,204,2,failure,no
Lorraine  Gibson,Female,36,California,White Collar,16.Mar.2017,"$89,454.87 ",divorced,secondary,yes,no,cellular,652,1,unknown,yes
Shari  Silva,Male,20,California,White Collar,16.Mar.2017,"$17,348.31 ",married,primary,no,no,cellular,63,2,unknown,no
Drew  Rogers,Male,31,California,Blue Collar,16.Mar.2017,"$13,948.76 ",single,secondary,yes,yes,cellular,150,1,unknown,no
Iris  Underwood,Male,42,California,White Collar,16.Mar.2017,"$65,327.43 ",married,secondary,no,no,telephone,398,2,failure,yes
Drew  Rogers,Female,38,California,White Collar,16.Mar.2017,"$94,986.87 ",married,tertiary,no,no,cellular,224,1,unknown,yes
Jenny  Garcia,Male,39,California,White Collar,16.Mar.2017,"$34,074.76 ",married,primary,yes,no,unknown,406,2,unknown,no
Lorraine  Gibson,Male,41,California,Other,16.Mar.2017,"$7,232.21 ",single,secondary,no,yes,cellular,60,4,unknown,no
Elaine  Ellis,Female,24,California,White Collar,16.Mar.2017,"$106,821.69 ",single,primary,yes,no,unknown,521,2,unknown,no
Eric  Rose,Female,24,California,White Collar,16.Mar.2017,"$63,296.87 ",married,secondary,yes,no,cellular,279,1,unknown,no
Isabel  Cross,Female,35,California,White Collar,16.Mar.2017,"$6,259.07 ",married,secondary,yes,no,unknown,203,2,unknown,no
Billie  Chandler,Male,35,California,White Collar,16.Mar.2017,"$112,854.76 ",married,primary,no,no,cellular,201,2,unknown,no
Woodrow  Colon,Female,26,California,White Collar,16.Mar.2017,"$42,665.81 ",married,primary,yes,no,unknown,372,3,unknown,no
Edwin  Malone,Male,23,California,White Collar,16.Mar.2017,"$21,937.40 ",single,secondary,yes,no,cellular,391,1,unknown,yes
Paulette  Spencer,Female,38,California,Other,16.Mar.2017,"$65,721.30 ",single,tertiary,no,no,cellular,165,2,unknown,no
Cassandra  Franklin,Female,30,California,White Collar,16.Mar.2017,"$82,157.25 ",married,secondary,no,no,cellular,231,5,unknown,no
Allan  Ramos,Male,28,California,White Collar,16.Mar.2017,"$100,713.46 ",single,tertiary,no,no,cellular,291,2,unknown,no
Eric  Rose,Female,38,California,Blue Collar,16.Mar.2017,"$92,372.93 ",married,tertiary,yes,no,unknown,149,2,unknown,no
Cassandra  Franklin,Female,36,California,White Collar,16.Mar.2017,"$2,133.75 ",single,tertiary,no,no,cellular,233,1,failure,no
Della  Jensen,Male,40,Nevada,Blue Collar,16.Mar.2017,"$8,143.09 ",divorced,secondary,no,no,cellular,473,1,success,no
Shari  Silva,Female,56,Nevada,Other,16.Mar.2017,"$19,776.54 ",single,primary,no,no,cellular,736,1,unknown,yes
Austin  Reynolds,Male,51,Nevada,Blue Collar,16.Mar.2017,"$177,632.66 ",married,secondary,yes,no,unknown,337,1,unknown,no
Dan  Peterson,Female,44,Nevada,White Collar,16.Mar.2017,"$28,102.69 ",single,tertiary,yes,no,cellular,553,1,failure,no
Elbert  Klein,Female,55,Nevada,White Collar,16.Mar.2017,"$53,638.88 ",married,secondary,no,no,telephone,345,2,unknown,no
Nellie  Joseph,Female,57,Nevada,Other,16.Mar.2017,"$33,858.22 ",single,primary,yes,no,telephone,65,2,unknown,no
Robert  Munoz,Male,48,Nevada,White Collar,16.Mar.2017,"$127,025.51 ",single,secondary,no,no,unknown,9,1,unknown,no
Herman  Williams,Female,54,Nevada,Other,16.Mar.2017,"$67,122.45 ",single,tertiary,yes,no,cellular,259,2,failure,no
Cassandra  Franklin,Male,36,Nevada,Blue Collar,16.Mar.2017,"$18,829.03 ",married,secondary,yes,yes,unknown,371,3,unknown,no
Woodrow  Colon,Male,48,Nevada,Blue Collar,16.Mar.2017,"$35,686.39 ",married,tertiary,yes,no,cellular,280,2,unknown,no
Willie  Vega,Male,63,Nevada,Other,16.Mar.2017,"$109,642.87 ",married,primary,no,no,cellular,243,1,unknown,yes
Cassandra  Franklin,Male,63,Nevada,Blue Collar,16.Mar.2017,"$39,512.30 ",married,primary,yes,no,cellular,435,3,unknown,no
Lorraine  Gibson,Female,25,Wyoming,Other,16.Mar.2017,"$105,669.63 ",single,secondary,no,no,cellular,258,6,success,yes
Christina  Fuller,Male,26,Wyoming,White Collar,16.Mar.2017,"$30,786.06 ",married,tertiary,yes,no,telephone,7,5,unknown,no
Ivan  Adkins,Male,29,Oregon,White Collar,16.Mar.2017,"$122,729.15 ",married,secondary,yes,yes,cellular,317,5,unknown,no
Brooke  Horton,Female,18,Oregon,Other,16.Mar.2017,"$76,373.58 ",single,secondary,no,no,cellular,76,2,failure,no
Robert  Munoz,Female,43,Oregon,Blue Collar,16.Mar.2017,"$56,549.84 ",single,secondary,no,no,telephone,170,4,unknown,yes
Robert  Munoz,Female,36,California,Other,19.Mar.2017,"$32,545.24 ",single,secondary,no,yes,cellular,386,2,unknown,yes
Edwin  Malone,Female,40,California,Other,25.Mar.2017,"$18,529.12 ",married,secondary,yes,no,cellular,83,2,unknown,no
Tracy  Reed,Male,52,Nevada,Other,28.Mar.2017,"$101,017.81 ",single,secondary,no,yes,cellular,65,1,unknown,no
Rachel  Gomez,Female,18,California,White Collar,31.Mar.2017,"$50,034.96 ",married,primary,no,no,cellular,69,1,unknown,no
Elbert  Klein,Female,31,California,White Collar,31.Mar.2017,"$203,536.40 ",divorced,tertiary,no,no,unknown,564,2,unknown,no
Lynette  Brewer,Male,37,California,White Collar,31.Mar.2017,"$58,445.31 ",divorced,secondary,yes,no,cellular,588,1,unknown,no
Kyle  Carr,Male,25,California,Other,31.Mar.2017,"$5,577.78 ",married,primary,no,no,cellular,113,4,unknown,no
Max  Rodgers,Male,50,California,White Collar,31.Mar.2017,"$64,527.19 ",married,secondary,yes,no,unknown,16,1,unknown,no
Carla  Mccormick,Male,39,California,Other,01.Apr.2017,"$165,893.25 ",married,secondary,no,yes,cellular,779,2,unknown,no
Fernando  Rowe,Male,27,California,White Collar,01.Apr.2017,"$18,375.37 ",single,tertiary,yes,no,cellular,281,2,failure,no
Jaime  Pearson,Male,42,California,White Collar,01.Apr.2017,"$83,075.39 ",single,tertiary,no,no,cellular,1877,3,unknown,yes
Max  Rodgers,Female,27,California,White Collar,01.Apr.2017,"$15,642.52 ",single,secondary,no,no,unknown,51,1,unknown,no
Della  Jensen,Female,41,California,White Collar,01.Apr.2017,"$6,487.76 ",single,secondary,no,yes,cellular,32,3,unknown,no
Donna  Reid,Male,47,California,White Collar,01.Apr.2017,"$22,525.45 ",single,secondary,no,no,telephone,176,1,failure,no
Robert  Munoz,Female,27,California,White Collar,01.Apr.2017,"$41,399.67 ",divorced,tertiary,no,no,cellular,161,1,unknown,yes
Cindy  Becker,Female,41,California,White Collar,01.Apr.2017,"$41,128.49 ",married,primary,yes,no,cellular,187,3,unknown,no
Max  Rodgers,Male,20,California,Blue Collar,01.Apr.2017,"$14,295.01 ",married,primary,yes,no,unknown,24,1,unknown,no
Cindy  Becker,Female,38,California,White Collar,02.Apr.2017,"$60,382.06 ",married,unknown,yes,no,unknown,67,3,unknown,no
Robert  Munoz,Male,34,California,Blue Collar,02.Apr.2017,"$66,780.97 ",married,unknown,yes,no,cellular,85,1,failure,no
Jenny  Garcia,Male,42,California,White Collar,02.Apr.2017,"$84,554.58 ",single,secondary,yes,no,unknown,317,2,unknown,no
Pauline  Beck,Male,26,California,White Collar,02.Apr.2017,"$19,392.82 ",single,tertiary,no,no,cellular,236,10,unknown,no
Max  Rodgers,Female,43,California,White Collar,02.Apr.2017,"$62,994.73 ",single,secondary,yes,yes,cellular,54,1,failure,no
Cindy  Becker,Male,37,California,White Collar,02.Apr.2017,"$15,975.01 ",single,tertiary,no,no,cellular,71,1,unknown,no
Rachel  Gomez,Female,40,California,White Collar,02.Apr.2017,"$85,282.21 ",married,tertiary,yes,no,cellular,489,1,unknown,yes
Lorraine  Gibson,Male,57,Nevada,Blue Collar,02.Apr.2017,"$60,461.75 ",married,unknown,no,no,unknown,39,2,unknown,no
Billie  Chandler,Female,45,California,White Collar,03.Apr.2017,"$54,601.82 ",divorced,tertiary,no,no,cellular,204,2,unknown,no
Lee  Mack,Male,23,California,White Collar,03.Apr.2017,"$15,296.37 ",single,tertiary,yes,no,cellular,455,2,unknown,no
Dan  Peterson,Male,45,California,Other,03.Apr.2017,"$60,266.15 ",divorced,unknown,yes,no,unknown,86,1,unknown,no
Robert  Munoz,Male,26,California,White Collar,03.Apr.2017,"$6,773.51 ",single,tertiary,yes,no,cellular,190,2,unknown,no
Eric  Rose,Male,37,California,White Collar,04.Apr.2017,"$133,014.82 ",married,secondary,yes,yes,unknown,280,2,unknown,no
Christina  Fuller,Male,41,California,White Collar,05.Apr.2017,"$77,174.34 ",married,tertiary,no,yes,cellular,588,2,unknown,no
Jenny  Garcia,Male,33,California,White Collar,05.Apr.2017,"$7,372.88 ",married,primary,no,yes,unknown,45,9,unknown,no
Ellen  Weaver,Female,37,California,White Collar,05.Apr.2017,"$72,246.18 ",married,secondary,yes,no,cellular,168,5,unknown,no
Eric  Rose,Male,33,California,White Collar,05.Apr.2017,"$48,456.88 ",married,secondary,yes,no,cellular,194,4,other,no
Jaime  Pearson,Female,29,California,White Collar,05.Apr.2017,"$5,999.28 ",single,unknown,yes,no,unknown,103,3,unknown,no
Marian  Hill,Male,33,California,White Collar,05.Apr.2017,"$7,700.42 ",married,unknown,yes,no,unknown,333,2,unknown,no
Blake  Bridges,Male,32,California,White Collar,05.Apr.2017,"$76,978.94 ",single,tertiary,yes,yes,cellular,102,3,unknown,no
Robert  Munoz,Female,36,California,White Collar,05.Apr.2017,"$85,102.87 ",divorced,primary,yes,yes,unknown,92,1,unknown,no
Sandra  Floyd,Male,46,California,White Collar,05.Apr.2017,"$85,618.40 ",married,secondary,no,no,cellular,213,2,unknown,no
Cindy  Becker,Male,33,California,Blue Collar,05.Apr.2017,"$2,171.06 ",married,secondary,no,no,unknown,289,1,unknown,no
Austin  Reynolds,Male,24,California,Other,05.Apr.2017,"$54,112.25 ",divorced,secondary,no,no,cellular,77,2,unknown,no
Elvira  Bowman,Male,32,California,White Collar,05.Apr.2017,"$37,203.58 ",married,secondary,no,no,cellular,324,3,success,yes
Jenny  Garcia,Male,26,California,White Collar,05.Apr.2017,"$1,505.52 ",married,secondary,yes,no,cellular,84,3,failure,no
Salvador  Bass,Male,30,California,White Collar,05.Apr.2017,"$32,642.45 ",single,secondary,no,no,cellular,168,1,unknown,no
Cassandra  Franklin,Male,38,California,White Collar,05.Apr.2017,"$11,346.19 ",married,secondary,yes,no,cellular,380,1,unknown,no
Ben  Perez,Female,42,California,White Collar,05.Apr.2017,"$3,486.58 ",married,tertiary,no,no,unknown,10,1,unknown,no
Robert  Munoz,Female,36,California,Other,05.Apr.2017,"$91,852.00 ",single,secondary,yes,no,unknown,199,2,unknown,no
Lance  Yates,Female,39,California,White Collar,05.Apr.2017,"$6,148.76 ",single,secondary,no,yes,unknown,35,3,unknown,no
Beth  Tucker,Female,59,Nevada,Other,05.Apr.2017,"$100,781.91 ",married,secondary,yes,yes,unknown,82,2,unknown,no
Cecilia  Manning,Male,52,Nevada,Blue Collar,05.Apr.2017,"$6,523.87 ",single,tertiary,no,no,cellular,676,2,failure,yes
Patty  Thompson,Male,51,Nevada,Blue Collar,05.Apr.2017,"$15,266.63 ",single,secondary,yes,no,unknown,455,1,unknown,no
Robert  Munoz,Male,24,Wyoming,Blue Collar,05.Apr.2017,"$28,453.22 ",married,secondary,no,no,telephone,80,4,unknown,no
Elaine  Ellis,Female,30,Wyoming,White Collar,05.Apr.2017,"$46,038.55 ",divorced,secondary,yes,no,cellular,549,2,unknown,no
Isabel  Cross,Male,39,California,Blue Collar,06.Apr.2017,"$106,560.70 ",married,tertiary,no,no,unknown,135,1,unknown,no
Shari  Silva,Female,32,California,Other,06.Apr.2017,"$4,910.15 ",single,secondary,yes,yes,cellular,412,1,unknown,no
Sandra  Floyd,Male,38,California,White Collar,06.Apr.2017,"$19,671.99 ",married,secondary,no,no,unknown,101,3,unknown,no
Shari  Silva,Male,42,California,Blue Collar,06.Apr.2017,"$93,913.88 ",single,tertiary,no,no,cellular,253,2,unknown,no
Trevor  Jones,Female,26,California,White Collar,06.Apr.2017,"$139,332.75 ",single,secondary,yes,yes,cellular,272,1,other,no
Robert  Munoz,Female,31,California,White Collar,06.Apr.2017,"$68,772.72 ",married,secondary,yes,no,cellular,84,1,unknown,no
Brooke  Horton,Male,31,California,White Collar,06.Apr.2017,"$23,859.15 ",married,tertiary,no,no,cellular,135,2,unknown,no
Mable  Lindsey,Female,25,California,White Collar,06.Apr.2017,"$40,871.43 ",married,secondary,yes,yes,cellular,166,1,unknown,no
Drew  Rogers,Male,35,California,White Collar,06.Apr.2017,"$104,997.51 ",married,secondary,yes,yes,cellular,18,7,unknown,no
Sonya  Mullins,Male,33,California,Blue Collar,06.Apr.2017,"$90,667.24 ",married,secondary,yes,no,cellular,147,2,failure,no
Jenny  Garcia,Male,24,California,Blue Collar,06.Apr.2017,"$78,897.46 ",married,unknown,no,no,unknown,63,1,unknown,no
Brooke  Horton,Male,29,Oregon,Blue Collar,06.Apr.2017,"$30,620.18 ",married,tertiary,yes,no,cellular,65,2,failure,no
Jenny  Garcia,Female,32,California,White Collar,07.Apr.2017,"$148,963.51 ",single,tertiary,yes,yes,cellular,194,2,unknown,no
Iris  Underwood,Male,36,California,White Collar,07.Apr.2017,"$31,694.39 ",single,secondary,no,yes,cellular,333,2,unknown,no
Tiffany  May,Male,31,California,White Collar,07.Apr.2017,"$172,107.28 ",single,secondary,yes,no,cellular,14,5,unknown,no
Kyle  Carr,Male,33,California,Other,07.Apr.2017,"$120,244.60 ",divorced,secondary,no,no,unknown,140,1,unknown,no
Salvador  Bass,Male,40,California,Other,07.Apr.2017,"$31,866.28 ",married,secondary,yes,no,unknown,109,3,unknown,no
Kyle  Carr,Female,51,Nevada,Other,07.Apr.2017,"$87,989.31 ",married,tertiary,yes,no,cellular,61,2,unknown,no
Dan  Peterson,Female,46,California,White Collar,08.Apr.2017,"$60,722.99 ",married,tertiary,yes,no,telephone,377,3,success,no
Max  Rodgers,Female,29,California,White Collar,08.Apr.2017,"$33,819.24 ",single,secondary,yes,no,cellular,96,1,other,no
Edwin  Malone,Female,40,California,White Collar,08.Apr.2017,"$14,074.70 ",married,secondary,yes,no,cellular,152,2,failure,no
Robert  Munoz,Female,25,California,Other,08.Apr.2017,"$87,632.34 ",married,secondary,yes,no,cellular,382,2,unknown,yes
Elbert  Klein,Male,51,Nevada,Blue Collar,08.Apr.2017,"$1,848.67 ",married,primary,yes,yes,telephone,97,6,unknown,no
Isabel  Cross,Male,39,California,White Collar,09.Apr.2017,"$72,231.61 ",married,secondary,yes,no,cellular,543,12,unknown,no
Sandra  Floyd,Female,44,California,Other,10.Apr.2017,"$18,331.81 ",single,tertiary,no,no,cellular,240,2,unknown,no
Cassandra  Franklin,Male,40,California,White Collar,10.Apr.2017,"$43,776.75 ",married,secondary,no,no,unknown,48,2,unknown,no
Drew  Rogers,Female,35,California,White Collar,10.Apr.2017,"$24,461.37 ",single,secondary,no,no,cellular,471,2,unknown,no
Cassandra  Franklin,Female,32,California,White Collar,10.Apr.2017,"$130,153.24 ",divorced,secondary,yes,no,cellular,354,3,unknown,no
Trevor  Jones,Male,38,California,Blue Collar,11.Apr.2017,"$4,687.48 ",single,secondary,yes,no,unknown,435,2,unknown,no
Rachel  Gomez,Male,29,California,White Collar,11.Apr.2017,"$3,430.25 ",married,secondary,no,yes,cellular,152,2,unknown,no
Della  Jensen,Female,31,California,Blue Collar,11.Apr.2017,"$65,912.04 ",married,tertiary,no,no,cellular,285,1,unknown,no
Billie  Chandler,Female,47,California,White Collar,11.Apr.2017,"$135,623.69 ",married,secondary,no,no,telephone,185,1,success,yes
Guillermo  Potter,Male,34,California,Other,12.Apr.2017,"$56,692.78 ",single,tertiary,yes,no,cellular,301,1,success,no
Donna  Reid,Female,37,California,White Collar,12.Apr.2017,"$81,536.40 ",married,secondary,no,no,cellular,273,2,unknown,no
Salvador  Bass,Female,40,California,White Collar,12.Apr.2017,"$90,518.70 ",single,tertiary,yes,no,cellular,768,2,failure,yes
Brooke  Horton,Female,26,California,White Collar,12.Apr.2017,"$28,198.81 ",divorced,tertiary,yes,no,cellular,1337,4,failure,no
Allan  Ramos,Female,25,California,Blue Collar,12.Apr.2017,"$118,809.51 ",single,tertiary,no,no,telephone,403,1,unknown,yes
Isabel  Cross,Female,36,California,White Collar,12.Apr.2017,"$162,725.10 ",single,tertiary,yes,no,cellular,139,2,unknown,no
Woodrow  Colon,Male,41,California,White Collar,12.Apr.2017,"$110,443.85 ",married,secondary,yes,yes,cellular,196,1,unknown,no
Robert  Munoz,Male,39,California,White Collar,12.Apr.2017,"$5,572.01 ",married,secondary,yes,no,cellular,115,1,failure,no
Sandra  Floyd,Male,39,California,Blue Collar,12.Apr.2017,"$34,807.97 ",single,secondary,yes,no,cellular,60,1,failure,no
Della  Jensen,Male,44,Nevada,Blue Collar,12.Apr.2017,"$96,240.55 ",married,secondary,no,no,cellular,17,14,unknown,no
Cecilia  Manning,Male,39,California,White Collar,13.Apr.2017,"$78,364.43 ",single,secondary,yes,no,cellular,141,3,unknown,no
Donna  Reid,Male,34,California,White Collar,13.Apr.2017,"$24,729.60 ",single,secondary,yes,no,unknown,95,3,unknown,no
Max  Rodgers,Female,29,California,Blue Collar,13.Apr.2017,"$31,439.15 ",married,tertiary,yes,no,cellular,10,2,other,no
Isabel  Cross,Female,21,California,Other,13.Apr.2017,"$20,129.72 ",married,secondary,no,no,cellular,198,1,unknown,no
Bernadette  Page,Male,39,California,Blue Collar,13.Apr.2017,"$51,250.52 ",married,tertiary,no,no,cellular,220,4,unknown,no
Isabel  Cross,Male,38,California,White Collar,13.Apr.2017,"$71,859.03 ",married,tertiary,yes,no,cellular,654,2,unknown,yes
Woodrow  Colon,Female,28,California,White Collar,13.Apr.2017,"$40,310.27 ",married,secondary,no,no,cellular,71,2,unknown,no
Andrew  Meyer,Female,29,California,White Collar,14.Apr.2017,"$44,636.91 ",married,secondary,yes,no,cellular,256,2,failure,no
Allan  Ramos,Male,25,California,White Collar,14.Apr.2017,"$47,253.54 ",married,primary,yes,yes,telephone,834,10,unknown,no
Bethany  Pena,Female,38,California,Other,14.Apr.2017,"$50,012.21 ",married,secondary,no,no,cellular,151,3,unknown,no
Salvador  Bass,Female,45,California,Blue Collar,14.Apr.2017,"$3,842.75 ",married,tertiary,yes,no,cellular,20,3,unknown,no
Carla  Mccormick,Female,33,California,White Collar,14.Apr.2017,"$6,077.00 ",married,secondary,yes,no,unknown,178,5,unknown,no
Lance  Yates,Male,32,California,White Collar,14.Apr.2017,"$22,946.90 ",married,primary,no,no,unknown,59,2,unknown,no
Drew  Rogers,Male,43,California,White Collar,14.Apr.2017,"$27,019.00 ",married,primary,no,no,cellular,111,7,unknown,no
Sylvester  Morales,Male,31,California,White Collar,14.Apr.2017,"$94,372.51 ",married,primary,yes,no,cellular,186,1,unknown,no
Edwin  Malone,Male,40,California,White Collar,14.Apr.2017,"$14,737.97 ",single,secondary,yes,no,unknown,227,1,unknown,no
Robert  Munoz,Male,29,California,Other,15.Apr.2017,"$158,464.39 ",married,secondary,no,no,cellular,297,3,unknown,no
Salvador  Bass,Female,37,California,White Collar,15.Apr.2017,"$6,881.36 ",married,secondary,yes,no,cellular,210,1,other,no
Salvador  Bass,Female,36,California,White Collar,15.Apr.2017,"$63,633.25 ",married,primary,yes,no,cellular,9,1,unknown,no
Trevor  Jones,Male,42,California,White Collar,15.Apr.2017,"$77,496.67 ",married,tertiary,yes,yes,cellular,112,1,other,no
Rachel  Gomez,Female,45,California,White Collar,15.Apr.2017,"$58,579.49 ",married,secondary,no,no,cellular,112,6,unknown,no
Bethany  Pena,Male,41,California,Blue Collar,15.Apr.2017,"$86,211.64 ",married,tertiary,no,no,unknown,222,3,unknown,no
Robert  Munoz,Male,42,California,White Collar,16.Apr.2017,"$95,326.45 ",single,secondary,yes,no,cellular,195,3,failure,no
Jenny  Garcia,Male,42,California,White Collar,16.Apr.2017,"$15,221.90 ",single,secondary,yes,no,cellular,768,2,success,no
Ernest  Davis,Female,40,California,White Collar,16.Apr.2017,"$70,922.28 ",single,secondary,no,no,cellular,123,1,unknown,no
Rachel  Gomez,Female,43,California,White Collar,16.Apr.2017,"$38,121.13 ",divorced,secondary,no,no,cellular,145,3,unknown,no
Elbert  Klein,Female,43,California,White Collar,16.Apr.2017,"$35,651.43 ",married,secondary,yes,no,cellular,124,1,other,no
Christina  Fuller,Female,27,Wyoming,Other,16.Apr.2017,"$58,601.55 ",married,unknown,yes,no,unknown,216,3,unknown,no
Elaine  Ellis,Female,35,California,White Collar,17.Apr.2017,"$17,730.57 ",married,primary,no,no,unknown,69,3,unknown,no
Austin  Reynolds,Male,32,California,White Collar,17.Apr.2017,"$75,608.90 ",married,tertiary,yes,no,cellular,168,4,unknown,no
Eddie  Green,Male,43,California,White Collar,17.Apr.2017,"$22,307.16 ",single,secondary,yes,no,cellular,483,7,unknown,no
Elbert  Klein,Female,34,California,Blue Collar,17.Apr.2017,"$85,294.66 ",married,tertiary,no,no,cellular,690,3,unknown,no
Patty  Thompson,Male,47,California,Blue Collar,17.Apr.2017,"$173,349.19 ",married,tertiary,no,no,cellular,125,12,unknown,no
Arturo  Francis,Male,39,California,White Collar,17.Apr.2017,"$67,364.43 ",married,secondary,yes,yes,unknown,344,2,unknown,no
Mable  Lindsey,Male,31,California,White Collar,17.Apr.2017,"$14,726.22 ",married,secondary,yes,no,unknown,673,2,unknown,no
Edwin  Malone,Male,30,California,White Collar,17.Apr.2017,"$6,629.43 ",married,tertiary,yes,no,cellular,60,1,other,no
Joey  Wong,Female,33,California,White Collar,17.Apr.2017,"$21,461.61 ",married,secondary,yes,no,unknown,247,2,unknown,no
Drew  Rogers,Male,37,California,White Collar,17.Apr.2017,"$6,362.00 ",single,secondary,no,no,cellular,123,2,unknown,no
Lynette  Brewer,Male,43,California,White Collar,17.Apr.2017,"$48,755.73 ",married,tertiary,yes,no,cellular,144,2,unknown,no
Sonya  Mullins,Female,30,California,Blue Collar,17.Apr.2017,"$20,009.78 ",married,secondary,no,yes,cellular,9,2,failure,no
Brooke  Horton,Female,33,California,White Collar,17.Apr.2017,"$85,262.75 ",married,tertiary,yes,no,cellular,155,3,unknown,no
Don  Gonzales,Male,30,California,White Collar,17.Apr.2017,"$111,324.36 ",married,tertiary,no,no,cellular,134,5,unknown,no
Rachel  Gomez,Female,29,California,White Collar,17.Apr.2017,"$61,547.27 ",divorced,primary,no,yes,cellular,221,2,unknown,no
Isabel  Cross,Male,34,California,White Collar,17.Apr.2017,"$30,261.99 ",married,primary,yes,no,cellular,84,3,failure,no
Bethany  Pena,Female,36,California,Blue Collar,17.Apr.2017,"$30,414.94 ",married,primary,no,no,cellular,71,2,unknown,no
Ruben  Nunez,Male,46,Nevada,Blue Collar,17.Apr.2017,"$44,009.34 ",married,secondary,yes,yes,unknown,246,4,unknown,no
Herman  Williams,Male,36,Nevada,Blue Collar,17.Apr.2017,"$118,630.73 ",married,tertiary,no,yes,cellular,361,2,unknown,no
Lance  Yates,Male,54,Nevada,Other,17.Apr.2017,"$3,152.13 ",single,secondary,no,no,cellular,119,4,unknown,no
Sonya  Mullins,Female,50,Nevada,Other,17.Apr.2017,"$27,103.73 ",divorced,tertiary,yes,no,cellular,375,2,unknown,no
Brooke  Horton,Male,45,Nevada,Blue Collar,17.Apr.2017,"$38,893.66 ",single,secondary,no,yes,cellular,1097,3,unknown,yes
Lorraine  Gibson,Male,47,Nevada,Blue Collar,17.Apr.2017,"$28,621.37 ",married,secondary,yes,yes,cellular,97,1,unknown,no
Della  Jensen,Female,59,Nevada,Other,17.Apr.2017,"$35,149.10 ",single,secondary,no,no,cellular,181,2,unknown,no
Rachel  Gomez,Female,41,Nevada,Other,17.Apr.2017,"$130,981.39 ",single,tertiary,no,no,cellular,83,3,unknown,no
Paulette  Spencer,Female,48,Nevada,Other,17.Apr.2017,"$15,785.87 ",married,tertiary,no,yes,cellular,180,4,unknown,no
Rachel  Gomez,Male,52,Nevada,Blue Collar,17.Apr.2017,"$67,481.55 ",married,tertiary,no,no,cellular,543,1,failure,no
Beth  Tucker,Female,28,Nevada,Other,17.Apr.2017,"$19,644.16 ",married,secondary,yes,yes,unknown,373,1,unknown,no
Della  Jensen,Male,55,Nevada,Other,17.Apr.2017,"$55,212.63 ",single,secondary,yes,no,unknown,230,1,unknown,no
Rachel  Gomez,Male,28,Wyoming,Blue Collar,17.Apr.2017,"$100,267.60 ",married,tertiary,yes,yes,cellular,83,3,unknown,no
Bernadette  Page,Female,42,Wyoming,Other,17.Apr.2017,"$65,811.40 ",single,secondary,yes,no,telephone,58,13,unknown,no
Cecilia  Manning,Female,63,Wyoming,Other,17.Apr.2017,"$40,328.36 ",divorced,secondary,no,no,cellular,88,6,unknown,no
Eddie  Green,Male,30,Wyoming,White Collar,17.Apr.2017,"$43,151.96 ",married,secondary,yes,no,cellular,297,1,failure,no
Paulette  Spencer,Female,25,Oregon,White Collar,17.Apr.2017,"$73,129.31 ",single,secondary,yes,yes,cellular,487,1,unknown,yes
Joey  Wong,Male,41,California,White Collar,18.Apr.2017,"$61,566.69 ",married,secondary,no,no,unknown,29,3,unknown,no
Allan  Ramos,Female,34,California,Other,18.Apr.2017,"$166,891.48 ",married,secondary,yes,no,cellular,484,4,unknown,no
Bernadette  Page,Male,42,California,White Collar,19.Apr.2017,"$15,095.46 ",single,tertiary,yes,no,cellular,262,4,unknown,no
Blake  Bridges,Male,30,California,Blue Collar,19.Apr.2017,"$20,944.97 ",married,secondary,yes,no,unknown,644,1,unknown,no
Elvira  Bowman,Female,37,California,White Collar,19.Apr.2017,"$85,930.43 ",married,tertiary,no,no,cellular,699,2,failure,no
Fernando  Rowe,Female,30,California,Blue Collar,19.Apr.2017,"$106,858.49 ",single,tertiary,no,no,cellular,247,2,unknown,no
Jenny  Garcia,Male,42,California,White Collar,19.Apr.2017,"$48,039.75 ",married,primary,no,no,cellular,49,3,unknown,no
Allan  Ramos,Female,31,California,Other,19.Apr.2017,"$1,068.87 ",divorced,primary,yes,no,cellular,341,1,unknown,no
Fernando  Rowe,Male,37,California,Blue Collar,19.Apr.2017,"$155,037.04 ",married,tertiary,no,no,unknown,64,2,unknown,no
Beth  Tucker,Female,29,California,White Collar,20.Apr.2017,"$105,078.60 ",married,secondary,yes,no,cellular,121,1,unknown,no
Andrew  Meyer,Female,34,California,White Collar,20.Apr.2017,"$18,743.69 ",single,secondary,yes,no,unknown,98,1,unknown,no
Della  Jensen,Female,30,California,White Collar,20.Apr.2017,"$10,649.97 ",divorced,secondary,no,no,unknown,88,6,unknown,no
Mable  Lindsey,Male,34,California,White Collar,21.Apr.2017,"$77,300.21 ",married,secondary,no,no,unknown,197,6,unknown,no
Rachel  Gomez,Female,31,California,Other,21.Apr.2017,"$143,585.82 ",single,tertiary,yes,no,unknown,331,1,unknown,no
Edwin  Malone,Male,41,California,White Collar,21.Apr.2017,"$96,612.64 ",married,secondary,yes,no,unknown,83,3,unknown,no
Patty  Thompson,Male,37,California,White Collar,21.Apr.2017,"$56,501.51 ",married,secondary,yes,no,unknown,138,2,unknown,no
Rachel  Gomez,Female,32,California,White Collar,22.Apr.2017,"$76,819.55 ",married,tertiary,yes,no,cellular,312,5,unknown,no
Della  Jensen,Male,40,California,White Collar,22.Apr.2017,"$105,009.88 ",married,tertiary,no,yes,cellular,120,3,success,yes
Colleen  Warren,Female,21,California,White Collar,22.Apr.2017,"$8,163.88 ",married,primary,yes,no,cellular,526,2,unknown,yes
Bernadette  Page,Female,40,California,White Collar,22.Apr.2017,"$37,682.66 ",married,secondary,yes,no,unknown,211,2,unknown,no
Rachel  Gomez,Male,45,California,Other,22.Apr.2017,"$97,188.04 ",married,secondary,no,no,cellular,62,6,unknown,no
Donna  Reid,Male,27,California,Other,22.Apr.2017,"$35,324.52 ",divorced,secondary,yes,yes,cellular,135,5,unknown,no
Arturo  Francis,Male,45,Nevada,Blue Collar,22.Apr.2017,"$24,511.58 ",married,tertiary,no,no,cellular,101,2,unknown,no
Drew  Rogers,Female,31,California,White Collar,23.Apr.2017,"$75,421.25 ",divorced,unknown,yes,no,cellular,988,2,unknown,yes
Salvador  Bass,Female,33,California,White Collar,23.Apr.2017,$226.75 ,married,tertiary,no,no,cellular,451,1,unknown,no
Bethany  Pena,Female,26,California,White Collar,23.Apr.2017,"$22,025.96 ",divorced,primary,yes,no,unknown,1030,1,unknown,yes
Max  Rodgers,Female,40,California,White Collar,23.Apr.2017,"$21,984.40 ",married,secondary,yes,yes,cellular,1484,24,unknown,yes
Sandra  Floyd,Male,53,Nevada,Blue Collar,23.Apr.2017,"$95,982.90 ",married,secondary,yes,no,cellular,317,5,unknown,yes
Peter  Hodges,Male,41,Nevada,Blue Collar,23.Apr.2017,"$148,044.48 ",divorced,primary,no,no,cellular,445,1,unknown,no
Rachel  Gomez,Male,30,Wyoming,Blue Collar,23.Apr.2017,"$20,293.90 ",divorced,primary,no,no,cellular,383,2,failure,no
Andrew  Meyer,Male,42,California,Blue Collar,24.Apr.2017,"$183,437.00 ",married,secondary,yes,no,telephone,605,1,unknown,no
Beth  Tucker,Female,42,California,White Collar,24.Apr.2017,"$45,483.13 ",married,secondary,yes,no,cellular,330,2,unknown,no
Lula  Daniels,Male,29,California,White Collar,24.Apr.2017,"$13,136.19 ",married,unknown,no,yes,cellular,171,2,unknown,no
Cindy  Becker,Male,32,California,White Collar,24.Apr.2017,"$90,278.96 ",married,secondary,no,yes,cellular,442,2,unknown,no
Bobbie  Ryan,Male,33,California,Blue Collar,24.Apr.2017,"$3,666.28 ",married,secondary,yes,no,cellular,772,1,unknown,yes
Cecilia  Manning,Male,43,California,White Collar,24.Apr.2017,"$49,716.90 ",married,primary,yes,yes,unknown,249,5,unknown,no
Colleen  Warren,Male,30,California,White Collar,24.Apr.2017,"$31,784.00 ",married,tertiary,yes,no,unknown,357,1,unknown,no
Marion  Glover,Female,33,California,White Collar,24.Apr.2017,"$90,859.39 ",married,tertiary,no,no,cellular,147,2,unknown,no
Ruben  Nunez,Male,30,California,Blue Collar,25.Apr.2017,"$39,658.46 ",married,secondary,yes,yes,cellular,199,7,failure,no
Arturo  Francis,Male,45,California,Blue Collar,25.Apr.2017,"$31,567.15 ",married,unknown,no,no,cellular,271,2,unknown,no
Peter  Hodges,Female,40,California,White Collar,26.Apr.2017,"$98,427.91 ",single,primary,yes,no,cellular,783,3,unknown,no
Edwin  Malone,Female,31,California,White Collar,26.Apr.2017,"$129,624.15 ",married,tertiary,no,yes,cellular,472,2,unknown,no
Robert  Munoz,Male,27,California,Other,26.Apr.2017,"$10,948.27 ",single,tertiary,yes,no,cellular,223,3,failure,yes
Marion  Glover,Female,37,California,White Collar,26.Apr.2017,"$8,373.69 ",married,primary,yes,no,unknown,395,2,unknown,no
Guillermo  Potter,Male,35,California,White Collar,26.Apr.2017,"$65,357.97 ",married,secondary,no,no,cellular,56,1,unknown,no
Trevor  Jones,Female,43,California,Blue Collar,27.Apr.2017,"$2,292.90 ",married,primary,no,yes,unknown,641,6,unknown,no
Della  Jensen,Male,30,California,White Collar,27.Apr.2017,"$34,350.07 ",married,secondary,no,no,cellular,429,4,failure,yes
Salvador  Bass,Male,34,California,White Collar,27.Apr.2017,"$64,154.28 ",single,secondary,no,no,unknown,113,1,unknown,no
Bethany  Pena,Male,43,California,Blue Collar,27.Apr.2017,"$101,206.42 ",married,unknown,no,no,unknown,11,11,unknown,no
Don  Gonzales,Female,30,California,Other,27.Apr.2017,"$52,412.46 ",married,secondary,no,no,cellular,157,1,unknown,no
Beth  Tucker,Female,21,California,White Collar,27.Apr.2017,"$67,230.15 ",single,tertiary,no,yes,cellular,79,4,unknown,no
Brooke  Horton,Male,54,California,White Collar,27.Apr.2017,"$49,421.22 ",married,tertiary,no,no,cellular,178,1,success,yes
Ernest  Davis,Male,35,California,Other,28.Apr.2017,"$61,313.04 ",married,primary,yes,yes,unknown,168,1,unknown,no
Edwin  Malone,Female,42,California,White Collar,28.Apr.2017,"$106,919.48 ",married,secondary,no,no,cellular,425,1,failure,no
Rachel  Gomez,Male,40,California,Other,28.Apr.2017,"$11,138.21 ",married,secondary,no,yes,cellular,162,1,unknown,no
Elvira  Bowman,Female,34,California,White Collar,28.Apr.2017,"$3,008.73 ",single,tertiary,yes,no,cellular,799,2,unknown,yes
Beth  Tucker,Female,37,California,White Collar,28.Apr.2017,"$18,513.55 ",married,secondary,no,no,cellular,1370,3,success,yes
Ruben  Nunez,Female,31,California,White Collar,28.Apr.2017,"$29,749.84 ",single,secondary,yes,no,unknown,357,1,unknown,no
Iris  Underwood,Male,44,California,White Collar,28.Apr.2017,"$74,648.58 ",married,secondary,no,no,cellular,22,6,unknown,no
Billie  Chandler,Female,34,California,White Collar,28.Apr.2017,"$36,878.96 ",single,tertiary,yes,no,cellular,215,3,other,no
Isabel  Cross,Male,54,Nevada,Blue Collar,28.Apr.2017,"$23,668.78 ",married,secondary,yes,no,cellular,56,4,unknown,no
Brooke  Horton,Female,33,California,White Collar,29.Apr.2017,"$61,384.37 ",married,primary,yes,no,cellular,1017,6,unknown,yes
Trevor  Jones,Female,42,California,Blue Collar,29.Apr.2017,"$11,317.51 ",single,tertiary,no,no,cellular,298,4,unknown,yes
Ben  Perez,Female,36,California,White Collar,29.Apr.2017,"$37,510.42 ",divorced,tertiary,no,yes,unknown,126,1,unknown,no
Colleen  Warren,Female,22,California,White Collar,29.Apr.2017,"$105,262.07 ",married,primary,no,no,unknown,9,1,unknown,no
Lynette  Brewer,Male,42,California,White Collar,29.Apr.2017,"$46,675.63 ",single,tertiary,yes,no,cellular,8,1,failure,no
Brooke  Horton,Female,58,Nevada,Other,29.Apr.2017,"$49,264.21 ",married,primary,no,no,cellular,201,1,success,no
Isabel  Cross,Female,20,Wyoming,White Collar,29.Apr.2017,"$2,219.48 ",divorced,primary,no,no,cellular,106,2,unknown,no
Dan  Peterson,Female,29,California,White Collar,30.Apr.2017,"$6,726.75 ",married,tertiary,yes,yes,cellular,164,1,failure,no
Isabel  Cross,Male,38,California,White Collar,30.Apr.2017,"$27,511.34 ",married,tertiary,no,no,cellular,97,1,unknown,no
Christina  Fuller,Male,33,California,White Collar,30.Apr.2017,"$46,129.28 ",single,tertiary,no,yes,cellular,151,1,unknown,no
Eric  Rose,Female,35,California,White Collar,30.Apr.2017,"$87,771.25 ",single,tertiary,yes,no,unknown,96,2,unknown,no
Isabel  Cross,Male,36,California,White Collar,30.Apr.2017,"$15,184.64 ",single,unknown,yes,no,cellular,555,1,unknown,no
Carla  Mccormick,Male,31,California,White Collar,02.May.2017,"$30,700.63 ",single,secondary,yes,yes,cellular,270,2,failure,no
Isabel  Cross,Male,56,Nevada,Other,02.May.2017,"$105,894.18 ",married,tertiary,no,no,cellular,339,3,unknown,no
Joey  Wong,Male,51,Nevada,Other,02.May.2017,"$41,553.88 ",married,primary,no,no,cellular,328,2,success,yes
Arturo  Francis,Male,55,Nevada,Blue Collar,02.May.2017,"$89,605.25 ",married,secondary,yes,yes,unknown,159,1,unknown,no
Joey  Wong,Male,61,Nevada,Blue Collar,02.May.2017,"$47,641.34 ",married,tertiary,yes,no,cellular,323,2,failure,no
Christy  Olson,Male,38,Wyoming,Blue Collar,02.May.2017,"$72,322.70 ",married,secondary,yes,no,cellular,342,1,unknown,no
Marion  Glover,Male,51,Nevada,White Collar,03.May.2017,"$135,182.33 ",married,tertiary,yes,no,cellular,180,1,unknown,no
Cecilia  Manning,Male,58,Nevada,Blue Collar,03.May.2017,"$9,575.84 ",married,tertiary,no,yes,cellular,60,3,unknown,no
Trevor  Jones,Male,42,Nevada,Other,03.May.2017,"$20,019.75 ",married,tertiary,no,no,cellular,223,1,failure,no
Johanna  Boone,Male,46,Nevada,Blue Collar,03.May.2017,"$16,342.34 ",married,tertiary,yes,no,cellular,1434,2,failure,no
Isabel  Cross,Male,42,Nevada,Blue Collar,03.May.2017,"$26,476.90 ",single,secondary,yes,no,unknown,30,2,unknown,no
Drew  Rogers,Female,27,Wyoming,Other,03.May.2017,"$27,022.73 ",married,secondary,yes,no,unknown,134,4,unknown,no
Carla  Mccormick,Male,28,Wyoming,Blue Collar,03.May.2017,"$10,042.25 ",single,unknown,no,no,cellular,10,2,unknown,no
Trevor  Jones,Female,17,Oregon,Other,03.May.2017,"$98,205.09 ",divorced,secondary,no,no,cellular,397,2,unknown,yes
Robert  Munoz,Female,44,California,White Collar,04.May.2017,"$12,115.39 ",single,secondary,yes,no,cellular,620,1,unknown,no
Blake  Bridges,Male,45,Nevada,Blue Collar,04.May.2017,"$101,874.46 ",single,tertiary,no,no,cellular,6,6,unknown,no
Brooke  Horton,Male,52,Nevada,White Collar,04.May.2017,"$159,976.94 ",married,primary,yes,yes,cellular,209,2,unknown,no
Blake  Bridges,Male,45,Nevada,Blue Collar,04.May.2017,"$35,915.39 ",married,primary,yes,no,unknown,419,2,unknown,no
Jenny  Garcia,Female,34,Wyoming,White Collar,04.May.2017,"$8,437.84 ",married,secondary,yes,no,cellular,283,2,unknown,no
Elvira  Bowman,Female,28,Wyoming,Other,04.May.2017,"$97,318.75 ",married,tertiary,no,no,cellular,188,2,unknown,no
Shari  Silva,Female,35,Wyoming,White Collar,04.May.2017,"$26,111.21 ",single,secondary,no,no,cellular,267,1,unknown,no
Cindy  Becker,Female,32,Wyoming,White Collar,04.May.2017,"$28,204.36 ",single,secondary,yes,no,cellular,196,2,unknown,no
Cindy  Becker,Female,31,Oregon,Other,04.May.2017,"$92,983.04 ",single,tertiary,yes,no,cellular,245,1,failure,no
Shari  Silva,Female,38,California,White Collar,05.May.2017,"$59,715.03 ",single,primary,no,no,cellular,323,1,unknown,yes
Della  Jensen,Male,62,Nevada,Other,05.May.2017,"$79,613.60 ",married,secondary,yes,no,cellular,1065,1,other,no
Ernest  Davis,Male,44,Nevada,Other,05.May.2017,"$9,384.69 ",married,tertiary,no,no,unknown,138,5,unknown,no
Willie  Vega,Male,54,Nevada,Blue Collar,05.May.2017,"$30,156.61 ",married,primary,no,no,cellular,207,1,unknown,no
Marian  Hill,Male,39,Nevada,Blue Collar,05.May.2017,"$24,699.16 ",married,secondary,no,no,unknown,456,3,unknown,no
Robert  Munoz,Male,19,Wyoming,Blue Collar,05.May.2017,"$141,470.72 ",married,secondary,yes,no,cellular,261,1,unknown,no
Eddie  Green,Female,44,Wyoming,Other,05.May.2017,"$71,300.67 ",married,secondary,yes,no,cellular,80,1,failure,no
Rachel  Gomez,Female,28,Oregon,Other,05.May.2017,"$66,192.13 ",single,secondary,yes,no,cellular,131,6,failure,no
Eddie  Green,Female,49,California,Other,06.May.2017,"$13,609.75 ",married,primary,yes,no,unknown,94,7,unknown,no
Felicia  Jennings,Male,18,California,White Collar,06.May.2017,$463.09 ,married,tertiary,yes,no,cellular,567,3,failure,yes
Paulette  Spencer,Female,38,California,Other,06.May.2017,"$29,467.91 ",divorced,primary,yes,no,unknown,153,1,unknown,no
Rachel  Gomez,Male,39,California,White Collar,06.May.2017,"$72,703.49 ",single,secondary,yes,no,cellular,109,1,unknown,no
Lynette  Brewer,Female,41,California,White Collar,06.May.2017,"$19,644.16 ",married,secondary,yes,no,cellular,53,1,failure,no
Max  Rodgers,Male,45,California,Other,06.May.2017,"$79,408.00 ",married,primary,yes,no,unknown,77,1,unknown,no
Ben  Perez,Female,32,California,White Collar,06.May.2017,"$100,637.55 ",married,tertiary,no,no,telephone,234,2,unknown,yes
Edwin  Malone,Female,42,Nevada,Other,06.May.2017,"$18,041.39 ",married,secondary,yes,no,telephone,121,2,failure,no
Paulette  Spencer,Male,41,Nevada,Blue Collar,06.May.2017,"$42,850.07 ",married,primary,yes,no,cellular,155,2,unknown,no
Nellie  Joseph,Male,51,Nevada,Other,06.May.2017,"$55,107.49 ",married,primary,no,no,cellular,108,1,unknown,no
Cecilia  Manning,Male,56,Nevada,Blue Collar,06.May.2017,"$60,506.00 ",married,tertiary,no,no,unknown,159,3,unknown,no
Arturo  Francis,Male,58,Nevada,Blue Collar,06.May.2017,"$34,328.46 ",married,secondary,yes,no,unknown,208,3,unknown,no
Brooke  Horton,Male,38,Nevada,Blue Collar,06.May.2017,"$17,041.69 ",married,secondary,no,no,cellular,215,1,unknown,no
Willie  Vega,Male,46,Nevada,Blue Collar,06.May.2017,"$24,522.66 ",married,secondary,yes,no,unknown,597,3,unknown,no
Sonya  Mullins,Male,61,Nevada,Blue Collar,06.May.2017,"$84,412.12 ",single,tertiary,yes,no,cellular,505,2,other,no
Elaine  Ellis,Female,44,Wyoming,Other,06.May.2017,"$37,744.91 ",single,primary,yes,yes,unknown,380,4,unknown,no
Max  Rodgers,Female,34,Wyoming,Other,06.May.2017,"$163,021.93 ",married,unknown,no,no,cellular,120,1,unknown,no
Cecilia  Manning,Female,42,Wyoming,Blue Collar,06.May.2017,"$62,046.43 ",married,secondary,no,no,cellular,106,4,unknown,no
Woodrow  Colon,Male,32,Wyoming,Other,06.May.2017,"$7,193.42 ",married,secondary,yes,no,cellular,332,2,failure,no
Cassandra  Franklin,Female,32,Oregon,Blue Collar,06.May.2017,"$34,415.78 ",married,secondary,yes,no,unknown,221,4,unknown,no
Sonya  Mullins,Female,36,Oregon,Other,06.May.2017,"$92,404.03 ",married,secondary,yes,no,cellular,80,1,unknown,no
Kyle  Carr,Female,37,Oregon,Other,06.May.2017,"$54,629.90 ",single,tertiary,no,no,cellular,60,5,success,no
Eddie  Green,Female,23,Oregon,Other,06.May.2017,"$29,938.97 ",married,primary,yes,yes,telephone,212,3,unknown,no
Ben  Perez,Male,35,California,White Collar,07.May.2017,"$3,615.63 ",married,primary,yes,no,cellular,493,3,unknown,no
Donna  Reid,Male,41,California,White Collar,07.May.2017,"$76,803.67 ",divorced,tertiary,yes,no,cellular,98,2,unknown,no
Willie  Vega,Female,32,California,White Collar,07.May.2017,"$20,329.09 ",single,secondary,no,yes,cellular,681,1,unknown,yes
Isabel  Cross,Female,39,California,White Collar,07.May.2017,"$126,752.45 ",single,secondary,no,no,cellular,203,1,unknown,no
Isabel  Cross,Male,38,California,White Collar,07.May.2017,"$180,196.06 ",married,primary,no,yes,cellular,157,1,unknown,no
Shari  Silva,Male,36,California,White Collar,07.May.2017,"$35,405.04 ",married,secondary,no,no,unknown,287,1,unknown,no
Shari  Silva,Male,39,Nevada,Blue Collar,07.May.2017,"$58,719.78 ",married,secondary,yes,no,cellular,159,2,unknown,no
Cindy  Becker,Male,48,Nevada,Other,07.May.2017,"$35,377.31 ",married,tertiary,yes,no,unknown,125,1,unknown,no
Cassandra  Franklin,Male,55,Nevada,Blue Collar,07.May.2017,"$40,015.27 ",married,secondary,no,no,cellular,202,2,unknown,no
Drew  Rogers,Male,45,Wyoming,Other,07.May.2017,"$28,786.46 ",married,secondary,yes,no,telephone,37,3,failure,no
Pauline  Beck,Male,32,Wyoming,White Collar,07.May.2017,"$75,553.25 ",married,secondary,no,no,cellular,161,1,failure,yes
Jenny  Garcia,Male,38,Wyoming,White Collar,07.May.2017,"$144,954.46 ",married,tertiary,no,no,cellular,72,4,unknown,no
Max  Rodgers,Male,18,California,White Collar,08.May.2017,"$9,711.51 ",single,secondary,no,no,cellular,342,1,unknown,no
Nellie  Joseph,Male,24,California,Blue Collar,08.May.2017,"$57,596.19 ",divorced,tertiary,yes,no,cellular,262,1,failure,yes
Robert  Munoz,Male,45,Nevada,Other,08.May.2017,"$12,407.27 ",married,tertiary,no,no,cellular,325,2,unknown,no
Shari  Silva,Male,45,Nevada,Blue Collar,08.May.2017,"$52,350.85 ",married,secondary,no,no,telephone,223,7,unknown,no
Allan  Ramos,Male,46,Nevada,Blue Collar,08.May.2017,"$96,093.37 ",divorced,tertiary,no,no,cellular,1212,4,unknown,yes
Shari  Silva,Male,37,Nevada,Blue Collar,08.May.2017,"$47,492.90 ",single,secondary,no,no,cellular,319,2,unknown,no
Don  Gonzales,Male,44,Wyoming,White Collar,08.May.2017,"$14,428.15 ",single,primary,no,no,cellular,182,2,unknown,no
Shari  Silva,Female,25,Oregon,Other,08.May.2017,"$2,842.49 ",married,secondary,yes,yes,cellular,330,1,unknown,no
Jaime  Pearson,Female,32,California,White Collar,09.May.2017,"$6,394.94 ",married,secondary,yes,yes,cellular,514,1,unknown,no
Eric  Rose,Female,30,California,Other,09.May.2017,"$7,994.63 ",divorced,secondary,yes,no,unknown,213,1,unknown,no
Andrew  Meyer,Male,35,California,White Collar,09.May.2017,"$12,305.58 ",married,tertiary,yes,no,cellular,551,1,failure,no
Beth  Tucker,Female,27,California,White Collar,09.May.2017,"$90,157.64 ",single,tertiary,yes,no,cellular,472,2,unknown,no
Paulette  Spencer,Male,53,Nevada,Blue Collar,09.May.2017,"$100,805.72 ",single,tertiary,yes,no,cellular,140,4,failure,no
Rachel  Gomez,Male,45,Nevada,Other,09.May.2017,"$52,044.55 ",single,secondary,yes,no,unknown,142,1,unknown,no
Pauline  Beck,Male,55,Nevada,Blue Collar,09.May.2017,"$61,070.82 ",single,primary,yes,no,unknown,135,3,unknown,no
Ellen  Weaver,Male,24,Wyoming,White Collar,09.May.2017,"$97,798.91 ",married,primary,yes,yes,unknown,293,1,unknown,no
Cassandra  Franklin,Female,49,Wyoming,White Collar,09.May.2017,"$30,951.76 ",married,tertiary,yes,no,unknown,107,1,unknown,no
Trevor  Jones,Male,37,Wyoming,Other,09.May.2017,"$51,344.72 ",married,secondary,yes,no,unknown,127,2,unknown,no
Elvira  Bowman,Female,26,Wyoming,White Collar,09.May.2017,"$31,005.67 ",married,tertiary,yes,no,cellular,1816,1,unknown,no
Salvador  Bass,Female,29,Oregon,White Collar,09.May.2017,"$1,107.91 ",married,primary,no,no,cellular,200,3,unknown,no
Tracy  Reed,Female,29,Oregon,Other,09.May.2017,"$6,398.19 ",married,tertiary,yes,no,cellular,418,1,unknown,no
Peter  Hodges,Female,27,Oregon,White Collar,09.May.2017,"$35,628.06 ",single,tertiary,yes,no,cellular,387,4,unknown,no
Drew  Rogers,Female,27,Oregon,Other,09.May.2017,"$3,636.18 ",married,secondary,no,no,cellular,156,1,failure,no
Patty  Thompson,Male,35,California,White Collar,10.May.2017,"$22,449.39 ",married,tertiary,no,yes,cellular,121,2,unknown,no
Patty  Thompson,Female,24,California,Other,10.May.2017,"$116,280.12 ",divorced,tertiary,no,no,unknown,108,2,unknown,no
Brooke  Horton,Male,31,California,Blue Collar,10.May.2017,"$9,638.85 ",married,tertiary,yes,no,cellular,47,1,unknown,no
Max  Rodgers,Male,60,Nevada,White Collar,10.May.2017,"$2,775.33 ",single,secondary,yes,no,cellular,16,5,other,no
Donna  Reid,Male,26,Wyoming,Blue Collar,10.May.2017,"$4,788.49 ",married,secondary,yes,no,cellular,54,2,unknown,no
Edwin  Malone,Female,23,Wyoming,White Collar,10.May.2017,"$48,743.18 ",married,tertiary,yes,no,cellular,265,2,unknown,no
Kyle  Carr,Female,21,Oregon,Blue Collar,10.May.2017,"$90,055.34 ",divorced,tertiary,yes,no,unknown,168,1,unknown,no
Shari  Silva,Female,33,Oregon,Other,10.May.2017,"$108,671.51 ",single,secondary,yes,no,cellular,115,3,unknown,no
Eddie  Green,Male,27,California,White Collar,11.May.2017,"$160,129.43 ",single,secondary,no,no,cellular,31,8,unknown,no
Ellen  Weaver,Female,41,California,Blue Collar,11.May.2017,"$28,218.21 ",married,tertiary,yes,no,telephone,279,4,unknown,yes
Colleen  Warren,Female,43,California,White Collar,11.May.2017,"$67,157.78 ",married,secondary,no,no,cellular,28,2,unknown,no
Max  Rodgers,Male,37,California,White Collar,11.May.2017,"$99,687.81 ",married,secondary,yes,no,cellular,369,1,unknown,no
Tracy  Reed,Male,33,Nevada,Blue Collar,11.May.2017,"$113,537.55 ",married,secondary,yes,no,unknown,247,1,unknown,no
Colleen  Warren,Male,41,Nevada,Blue Collar,11.May.2017,"$32,142.72 ",married,tertiary,no,no,cellular,155,1,unknown,no
Cindy  Becker,Male,30,Oregon,White Collar,11.May.2017,"$61,600.69 ",married,secondary,no,no,cellular,89,1,unknown,no
Elvira  Bowman,Male,39,Oregon,Blue Collar,11.May.2017,"$4,235.70 ",married,tertiary,yes,no,cellular,180,1,unknown,no
Sonya  Mullins,Female,36,California,Blue Collar,12.May.2017,"$15,377.51 ",married,secondary,yes,no,cellular,854,1,unknown,yes
Ivan  Adkins,Male,40,California,White Collar,12.May.2017,"$23,115.16 ",divorced,secondary,yes,no,cellular,46,1,unknown,no
Robert  Munoz,Female,23,California,White Collar,12.May.2017,"$25,750.72 ",married,secondary,yes,yes,unknown,266,2,unknown,no
Patty  Thompson,Male,26,California,Other,12.May.2017,"$33,048.93 ",married,secondary,yes,no,cellular,321,2,unknown,no
Shari  Silva,Male,35,California,Blue Collar,12.May.2017,"$2,625.93 ",married,tertiary,no,no,cellular,99,24,unknown,no
Austin  Reynolds,Female,51,California,White Collar,12.May.2017,"$41,840.48 ",married,secondary,yes,no,unknown,147,1,unknown,no
Shari  Silva,Female,48,Nevada,Blue Collar,12.May.2017,"$27,968.28 ",single,tertiary,no,no,cellular,430,1,unknown,yes
Ernest  Davis,Male,59,Nevada,Blue Collar,12.May.2017,"$51,700.61 ",single,secondary,no,yes,cellular,264,1,unknown,no
Tiffany  May,Male,43,Nevada,Other,12.May.2017,"$85,895.85 ",single,secondary,no,no,cellular,156,6,unknown,no
Elbert  Klein,Female,54,Nevada,Other,12.May.2017,"$27,940.07 ",divorced,tertiary,no,no,cellular,118,1,failure,no
Cecilia  Manning,Male,52,Nevada,White Collar,12.May.2017,"$44,731.67 ",married,tertiary,no,no,unknown,343,3,unknown,no
Shari  Silva,Male,52,Nevada,Other,12.May.2017,"$10,397.79 ",married,secondary,yes,no,cellular,226,3,unknown,no
Cecilia  Manning,Male,46,Nevada,Blue Collar,12.May.2017,"$196,787.52 ",divorced,tertiary,no,no,unknown,5,1,unknown,no
Andrew  Meyer,Male,57,Nevada,Blue Collar,12.May.2017,"$39,702.16 ",divorced,secondary,yes,no,cellular,138,1,unknown,no
Allan  Ramos,Female,42,Nevada,Other,12.May.2017,"$72,323.10 ",married,secondary,yes,no,cellular,185,1,success,yes
Sylvester  Morales,Female,39,Wyoming,White Collar,12.May.2017,"$124,267.45 ",married,secondary,no,no,telephone,722,1,failure,no
Salvador  Bass,Female,20,Wyoming,Other,12.May.2017,"$1,925.40 ",married,secondary,yes,no,unknown,748,1,unknown,no
Dan  Peterson,Female,45,Wyoming,Other,12.May.2017,"$95,743.48 ",married,tertiary,yes,no,unknown,142,1,unknown,no
Dan  Peterson,Male,38,Wyoming,Blue Collar,12.May.2017,"$95,925.48 ",single,secondary,yes,no,cellular,523,3,unknown,no
Max  Rodgers,Male,27,Oregon,White Collar,12.May.2017,"$22,222.79 ",single,primary,yes,no,unknown,8,10,unknown,no
Cecilia  Manning,Female,35,Oregon,White Collar,12.May.2017,"$41,592.30 ",married,tertiary,yes,no,cellular,153,1,unknown,no
Joey  Wong,Female,23,Oregon,Other,12.May.2017,"$87,225.67 ",married,secondary,yes,no,unknown,210,2,unknown,no
Blake  Bridges,Male,32,Oregon,Other,12.May.2017,"$55,005.34 ",married,secondary,yes,no,cellular,121,1,unknown,no
Nellie  Joseph,Male,33,Oregon,White Collar,12.May.2017,"$99,465.55 ",married,secondary,no,no,cellular,212,1,unknown,yes
Willie  Vega,Male,37,California,White Collar,13.May.2017,"$151,786.15 ",married,tertiary,yes,no,unknown,253,3,unknown,no
Tiffany  May,Female,33,California,White Collar,13.May.2017,"$46,062.16 ",married,primary,yes,no,unknown,139,4,unknown,no
Marion  Glover,Female,31,California,White Collar,13.May.2017,"$55,091.00 ",married,secondary,yes,no,unknown,71,1,unknown,no
Della  Jensen,Female,33,California,White Collar,13.May.2017,"$13,535.04 ",married,tertiary,no,no,telephone,421,1,success,yes
Charlie  Wood,Male,43,Nevada,Other,13.May.2017,"$61,976.49 ",married,secondary,yes,no,unknown,199,1,unknown,no
Dan  Peterson,Male,45,Nevada,Blue Collar,13.May.2017,"$38,313.78 ",married,secondary,yes,no,unknown,108,1,unknown,no
Don  Gonzales,Female,48,Nevada,Blue Collar,13.May.2017,"$110,762.25 ",single,unknown,yes,no,unknown,247,2,unknown,no
Woodrow  Colon,Male,53,Nevada,White Collar,13.May.2017,"$28,404.52 ",single,secondary,yes,no,telephone,236,4,unknown,no
Eddie  Green,Male,47,Nevada,Other,13.May.2017,"$28,312.31 ",married,secondary,yes,no,cellular,97,4,failure,no
Guillermo  Potter,Male,39,Nevada,Blue Collar,13.May.2017,"$9,808.01 ",married,tertiary,no,no,cellular,109,8,unknown,no
Paulette  Spencer,Male,54,Nevada,White Collar,13.May.2017,"$108,196.27 ",married,tertiary,yes,no,cellular,112,2,unknown,no
Kyle  Carr,Male,53,Nevada,Blue Collar,13.May.2017,"$29,314.72 ",married,primary,yes,no,unknown,15,10,unknown,no
Sandra  Floyd,Female,19,Wyoming,White Collar,13.May.2017,"$46,226.85 ",divorced,secondary,yes,no,cellular,502,3,unknown,no
Ellen  Weaver,Female,35,Oregon,Other,13.May.2017,"$57,863.73 ",married,primary,yes,no,unknown,30,3,unknown,no
Peter  Hodges,Male,41,California,White Collar,14.May.2017,"$120,711.87 ",single,primary,yes,no,unknown,193,2,unknown,no
Edwin  Malone,Female,58,Nevada,Other,14.May.2017,"$106,998.07 ",married,tertiary,yes,no,cellular,347,2,unknown,no
Andrew  Meyer,Male,46,Nevada,Blue Collar,14.May.2017,"$21,726.31 ",married,unknown,yes,no,unknown,468,2,unknown,no
Lee  Mack,Male,50,Nevada,Blue Collar,14.May.2017,"$27,079.78 ",divorced,secondary,yes,no,unknown,148,1,unknown,no
Felicia  Jennings,Male,49,Nevada,Blue Collar,14.May.2017,"$190,868.93 ",married,secondary,no,no,telephone,295,1,success,yes
Cindy  Becker,Male,41,Wyoming,White Collar,14.May.2017,"$111,028.82 ",married,secondary,no,no,cellular,388,6,unknown,yes
Della  Jensen,Male,40,Wyoming,White Collar,14.May.2017,"$12,322.64 ",single,secondary,yes,no,cellular,1735,4,unknown,yes
Arturo  Francis,Female,41,Wyoming,Other,14.May.2017,"$32,370.04 ",divorced,tertiary,yes,no,unknown,339,1,unknown,no
Blake  Bridges,Female,26,Oregon,White Collar,14.May.2017,"$8,639.76 ",married,secondary,yes,no,cellular,172,1,failure,no
Brooke  Horton,Female,37,California,Blue Collar,15.May.2017,"$13,698.15 ",single,secondary,yes,yes,cellular,117,2,unknown,no
Edwin  Malone,Female,42,California,Other,15.May.2017,"$54,259.31 ",single,secondary,no,yes,unknown,587,2,unknown,no
Drew  Rogers,Female,32,California,Other,15.May.2017,"$66,579.19 ",single,tertiary,yes,no,cellular,501,2,unknown,no
Salvador  Bass,Female,42,California,White Collar,15.May.2017,"$70,686.00 ",single,tertiary,no,no,cellular,203,5,failure,no
Della  Jensen,Female,18,California,White Collar,15.May.2017,"$86,777.94 ",married,secondary,yes,yes,telephone,282,9,unknown,no
Isabel  Cross,Male,51,Nevada,Blue Collar,15.May.2017,"$1,372.12 ",married,tertiary,no,no,cellular,110,5,unknown,no
Mable  Lindsey,Male,51,Nevada,White Collar,15.May.2017,"$24,357.79 ",single,primary,no,no,cellular,104,2,unknown,yes
Lee  Mack,Male,42,Nevada,Blue Collar,15.May.2017,"$53,463.01 ",married,tertiary,no,no,cellular,231,1,unknown,no
Kyle  Carr,Male,53,Nevada,Blue Collar,15.May.2017,"$23,444.37 ",married,secondary,yes,no,unknown,378,3,unknown,no
Jaime  Pearson,Male,51,Nevada,Blue Collar,15.May.2017,"$128,317.45 ",single,primary,no,yes,cellular,193,6,unknown,no
Elaine  Ellis,Female,47,Nevada,Other,15.May.2017,"$23,041.10 ",divorced,tertiary,yes,no,unknown,110,5,unknown,no
Drew  Rogers,Female,31,Wyoming,White Collar,15.May.2017,"$81,619.16 ",single,secondary,yes,no,cellular,92,1,unknown,no
Bernadette  Page,Male,27,Wyoming,White Collar,15.May.2017,"$54,682.42 ",single,secondary,no,no,cellular,1407,1,unknown,yes
Della  Jensen,Female,51,Wyoming,Blue Collar,15.May.2017,"$61,070.28 ",married,secondary,yes,yes,cellular,168,1,failure,no
Ruben  Nunez,Female,57,Wyoming,White Collar,15.May.2017,"$68,571.93 ",married,tertiary,yes,no,cellular,738,3,unknown,no
Isabel  Cross,Female,20,Oregon,Other,15.May.2017,"$6,972.78 ",married,secondary,yes,no,cellular,220,1,failure,yes
Shari  Silva,Male,35,Oregon,Other,15.May.2017,"$94,927.06 ",divorced,tertiary,yes,no,unknown,89,2,unknown,no
Cecilia  Manning,Female,26,Oregon,White Collar,15.May.2017,"$139,337.75 ",married,tertiary,yes,no,cellular,30,29,unknown,no
Peter  Hodges,Female,29,Oregon,Other,15.May.2017,"$34,862.63 ",divorced,primary,no,no,cellular,103,1,failure,no
Trevor  Jones,Female,37,Oregon,Other,15.May.2017,"$9,635.24 ",married,tertiary,yes,yes,unknown,70,1,unknown,no
Max  Rodgers,Female,35,California,Blue Collar,16.May.2017,"$95,869.97 ",married,primary,yes,no,cellular,904,2,unknown,yes
Cindy  Becker,Male,19,California,White Collar,16.May.2017,"$105,084.96 ",married,tertiary,yes,no,cellular,159,1,other,no
Lorraine  Gibson,Female,42,California,White Collar,16.May.2017,"$43,856.85 ",married,secondary,no,no,cellular,336,1,other,no
Cassandra  Franklin,Female,23,California,Blue Collar,16.May.2017,"$40,482.52 ",married,secondary,no,no,unknown,220,1,unknown,no
Rachel  Gomez,Male,41,Nevada,White Collar,16.May.2017,"$49,767.34 ",married,secondary,no,no,telephone,238,1,unknown,no
Lynette  Brewer,Male,50,Nevada,Blue Collar,16.May.2017,"$137,802.49 ",divorced,secondary,yes,no,cellular,585,4,failure,no
Sandra  Floyd,Male,31,Wyoming,White Collar,16.May.2017,"$217,902.96 ",married,primary,no,no,cellular,293,3,unknown,no
Robert  Munoz,Male,23,Wyoming,Blue Collar,16.May.2017,"$84,453.48 ",married,secondary,yes,no,unknown,68,1,unknown,no
Don  Gonzales,Female,40,Wyoming,Other,16.May.2017,"$86,121.49 ",married,primary,no,no,unknown,97,1,unknown,no
Cassandra  Franklin,Female,32,Wyoming,White Collar,16.May.2017,"$64,705.75 ",married,secondary,yes,no,unknown,1713,1,unknown,no
Shari  Silva,Female,30,Wyoming,Other,16.May.2017,"$50,999.43 ",divorced,secondary,no,no,cellular,218,3,unknown,no
Sandra  Floyd,Female,24,Wyoming,White Collar,16.May.2017,"$77,539.55 ",married,primary,yes,no,cellular,109,1,failure,no
Cassandra  Franklin,Female,36,Wyoming,White Collar,16.May.2017,"$109,720.60 ",married,tertiary,yes,no,telephone,661,1,unknown,no
Paulette  Spencer,Female,23,Wyoming,White Collar,16.May.2017,"$76,281.67 ",single,secondary,yes,no,cellular,145,1,unknown,no
Patty  Thompson,Male,53,Nevada,Blue Collar,17.May.2017,"$14,225.16 ",married,primary,yes,no,telephone,54,4,unknown,no
Don  Gonzales,Female,56,Nevada,Other,17.May.2017,"$30,954.87 ",single,secondary,yes,no,cellular,111,1,unknown,no
Max  Rodgers,Male,62,Nevada,Blue Collar,17.May.2017,"$9,362.60 ",divorced,secondary,yes,no,unknown,566,2,unknown,no
Kyle  Carr,Male,46,Nevada,Blue Collar,17.May.2017,$594.81 ,married,secondary,no,no,cellular,136,1,unknown,no
Jenny  Garcia,Male,47,Nevada,Blue Collar,17.May.2017,"$27,590.57 ",married,primary,no,no,cellular,273,1,unknown,no
Trevor  Jones,Female,50,Nevada,Other,17.May.2017,"$18,993.70 ",married,tertiary,no,no,cellular,160,1,unknown,no
Andrew  Meyer,Male,44,Nevada,Blue Collar,17.May.2017,"$91,096.19 ",single,secondary,no,no,cellular,76,4,unknown,no
Billie  Chandler,Female,23,Wyoming,Blue Collar,17.May.2017,"$120,524.85 ",married,tertiary,no,no,cellular,44,1,unknown,no
Iris  Underwood,Female,31,Oregon,Other,17.May.2017,"$180,794.13 ",married,secondary,yes,yes,unknown,239,1,unknown,no
Della  Jensen,Female,30,Oregon,Blue Collar,17.May.2017,"$9,152.78 ",single,secondary,no,no,cellular,250,2,success,yes
Shari  Silva,Female,31,California,White Collar,18.May.2017,"$85,876.84 ",single,unknown,no,no,cellular,792,4,unknown,no
Robert  Munoz,Female,35,California,White Collar,18.May.2017,"$69,285.72 ",married,secondary,yes,no,cellular,198,13,unknown,no
Brooke  Horton,Male,29,California,White Collar,18.May.2017,"$109,278.97 ",married,secondary,yes,no,unknown,73,1,unknown,no
Sandra  Floyd,Female,36,California,Blue Collar,18.May.2017,"$131,449.61 ",married,secondary,no,no,cellular,157,3,unknown,no
Edwin  Malone,Female,24,California,Blue Collar,18.May.2017,"$16,142.30 ",married,primary,yes,no,cellular,90,6,unknown,no
Eddie  Green,Female,40,California,White Collar,18.May.2017,"$11,826.75 ",married,secondary,no,no,cellular,236,2,unknown,no
Isabel  Cross,Female,63,Nevada,Other,18.May.2017,"$14,943.34 ",married,tertiary,no,no,cellular,118,5,unknown,no
Lynette  Brewer,Male,55,Nevada,Other,18.May.2017,"$53,218.30 ",single,tertiary,no,no,telephone,40,1,unknown,no
Drew  Rogers,Female,34,Wyoming,Blue Collar,18.May.2017,"$4,286.48 ",single,secondary,yes,no,cellular,346,1,unknown,no
Jaime  Pearson,Male,35,Wyoming,Other,18.May.2017,"$11,505.79 ",married,primary,no,no,unknown,200,2,unknown,no
Cecilia  Manning,Female,38,Wyoming,White Collar,18.May.2017,"$59,817.30 ",married,secondary,yes,no,cellular,187,3,other,no
Austin  Reynolds,Female,33,Wyoming,Blue Collar,18.May.2017,"$80,170.58 ",married,secondary,no,no,cellular,113,1,failure,no
Patty  Thompson,Female,26,Oregon,Other,18.May.2017,"$49,163.43 ",married,tertiary,yes,no,unknown,192,32,unknown,no
Rachel  Gomez,Female,38,Oregon,Other,18.May.2017,"$21,798.73 ",single,secondary,no,no,unknown,92,1,unknown,no
Della  Jensen,Female,38,Oregon,Other,18.May.2017,"$42,369.72 ",married,secondary,yes,no,cellular,682,2,success,no
Isabel  Cross,Female,23,Oregon,Other,18.May.2017,"$31,626.94 ",married,primary,no,no,cellular,139,9,unknown,no
Donna  Reid,Female,42,California,Other,19.May.2017,"$39,665.79 ",single,tertiary,no,no,cellular,501,2,unknown,yes
Ellen  Weaver,Female,34,California,White Collar,19.May.2017,"$22,948.52 ",married,secondary,no,yes,cellular,651,1,unknown,yes
Rachel  Gomez,Male,34,California,Other,19.May.2017,"$69,018.39 ",divorced,secondary,yes,no,cellular,405,13,unknown,no
Andrew  Meyer,Female,30,California,White Collar,19.May.2017,"$98,363.51 ",married,secondary,yes,no,unknown,350,1,unknown,no
Robert  Munoz,Male,27,California,White Collar,19.May.2017,"$35,076.43 ",single,secondary,no,no,cellular,125,2,unknown,no
Bethany  Pena,Female,52,California,Blue Collar,19.May.2017,"$113,995.88 ",married,secondary,yes,no,cellular,36,2,unknown,no
Lee  Mack,Male,27,California,White Collar,19.May.2017,"$18,537.12 ",married,secondary,yes,no,cellular,35,1,failure,no
Herman  Williams,Female,31,California,Other,19.May.2017,"$31,763.48 ",married,secondary,yes,no,unknown,389,2,unknown,no
Cassandra  Franklin,Female,36,California,White Collar,19.May.2017,"$11,167.60 ",married,secondary,yes,yes,cellular,194,1,failure,no
Cassandra  Franklin,Female,26,California,White Collar,19.May.2017,"$40,721.45 ",single,tertiary,no,no,cellular,168,3,unknown,no
Della  Jensen,Male,35,California,White Collar,19.May.2017,"$99,352.67 ",divorced,tertiary,yes,no,unknown,347,3,unknown,no
Ivan  Adkins,Female,39,California,White Collar,19.May.2017,"$109,487.87 ",married,primary,no,no,cellular,3025,2,unknown,no
Robert  Munoz,Female,34,California,Other,19.May.2017,"$53,251.22 ",single,secondary,no,no,cellular,83,13,unknown,no
Marion  Glover,Male,31,California,White Collar,19.May.2017,"$119,020.46 ",married,unknown,yes,no,unknown,332,2,unknown,no
Della  Jensen,Male,51,California,White Collar,19.May.2017,"$108,569.45 ",married,secondary,no,no,cellular,219,10,unknown,no
Christina  Fuller,Male,35,California,White Collar,19.May.2017,"$67,425.60 ",married,tertiary,yes,no,cellular,427,1,failure,no
Della  Jensen,Male,25,California,Other,19.May.2017,"$12,712.64 ",married,secondary,no,no,cellular,65,5,unknown,no
Mable  Lindsey,Male,20,California,White Collar,19.May.2017,"$4,648.51 ",divorced,secondary,yes,no,cellular,192,2,unknown,no
Drew  Rogers,Female,26,California,White Collar,19.May.2017,"$82,097.67 ",married,unknown,no,no,cellular,155,1,unknown,no
Salvador  Bass,Female,43,California,Other,19.May.2017,"$122,757.85 ",married,secondary,yes,yes,cellular,161,1,unknown,no
Elvira  Bowman,Male,33,California,Blue Collar,19.May.2017,"$188,283.58 ",married,tertiary,yes,no,cellular,533,1,unknown,no
Marion  Glover,Male,47,Nevada,Other,19.May.2017,"$66,064.07 ",married,secondary,no,no,cellular,19,3,other,no
Lula  Daniels,Male,52,Nevada,Other,19.May.2017,"$33,486.12 ",single,tertiary,no,yes,cellular,193,1,failure,no
Andrew  Meyer,Male,46,Nevada,Blue Collar,19.May.2017,"$21,798.36 ",married,tertiary,yes,yes,cellular,819,3,unknown,no
Donna  Reid,Female,42,Nevada,Blue Collar,19.May.2017,"$35,950.75 ",single,secondary,no,no,cellular,278,1,unknown,yes
Patty  Thompson,Female,56,Nevada,Other,19.May.2017,"$68,706.13 ",married,secondary,yes,yes,telephone,211,3,unknown,no
Elaine  Ellis,Male,44,Nevada,Blue Collar,19.May.2017,"$90,244.10 ",single,tertiary,no,no,cellular,617,2,unknown,no
Cindy  Becker,Male,58,Nevada,Other,19.May.2017,"$81,699.88 ",married,secondary,yes,no,cellular,61,2,unknown,no
Peter  Hodges,Male,44,Nevada,Blue Collar,19.May.2017,"$9,697.15 ",divorced,tertiary,yes,no,cellular,197,6,unknown,no
Rachel  Gomez,Male,51,Nevada,Blue Collar,19.May.2017,"$64,963.52 ",single,secondary,yes,no,cellular,34,7,unknown,no
Marion  Glover,Male,46,Nevada,Blue Collar,19.May.2017,"$38,945.88 ",married,tertiary,yes,yes,cellular,95,4,unknown,no
Isabel  Cross,Male,43,Nevada,Blue Collar,19.May.2017,"$96,241.94 ",married,secondary,yes,no,unknown,147,2,unknown,no
Tiffany  May,Male,53,Nevada,Blue Collar,19.May.2017,"$53,579.06 ",married,secondary,no,yes,cellular,668,2,unknown,no
Jenny  Garcia,Male,41,Nevada,Blue Collar,19.May.2017,"$78,190.18 ",married,tertiary,no,no,unknown,87,2,unknown,no
Edwin  Malone,Female,27,Wyoming,White Collar,19.May.2017,"$147,075.76 ",married,secondary,no,yes,cellular,405,1,unknown,no
Sandra  Floyd,Female,33,Wyoming,Other,19.May.2017,"$49,810.19 ",married,secondary,yes,yes,unknown,83,7,unknown,no
Billie  Chandler,Female,39,Wyoming,White Collar,19.May.2017,"$60,650.96 ",married,secondary,no,no,cellular,115,1,unknown,no
Della  Jensen,Male,34,Wyoming,Blue Collar,19.May.2017,"$91,672.48 ",single,tertiary,yes,no,cellular,108,1,unknown,no
Sylvester  Morales,Female,36,Wyoming,White Collar,19.May.2017,"$85,057.91 ",married,unknown,no,no,cellular,113,1,unknown,no
Robert  Munoz,Male,36,Wyoming,White Collar,19.May.2017,"$89,676.90 ",married,primary,yes,no,cellular,58,2,failure,no
Don  Gonzales,Male,39,Wyoming,Blue Collar,19.May.2017,"$76,615.27 ",married,primary,no,no,cellular,148,4,unknown,no
Shari  Silva,Female,33,Wyoming,White Collar,19.May.2017,"$2,670.54 ",divorced,unknown,yes,no,cellular,188,1,failure,no
Max  Rodgers,Female,24,Oregon,Other,19.May.2017,"$50,164.72 ",divorced,secondary,yes,no,telephone,75,3,unknown,no
Christy  Olson,Male,32,Oregon,Blue Collar,19.May.2017,"$46,152.93 ",divorced,tertiary,yes,yes,cellular,523,3,unknown,no
Mable  Lindsey,Female,24,Oregon,White Collar,19.May.2017,"$94,133.43 ",married,tertiary,yes,yes,telephone,103,1,unknown,no
Cecilia  Manning,Female,31,California,White Collar,20.May.2017,"$61,496.16 ",married,primary,yes,no,cellular,146,2,success,no
Rachel  Gomez,Female,31,California,White Collar,20.May.2017,"$32,670.87 ",single,secondary,no,no,cellular,356,1,unknown,yes
Cassandra  Franklin,Female,45,California,White Collar,20.May.2017,"$111,398.46 ",married,primary,yes,no,cellular,71,1,unknown,no
Shari  Silva,Female,42,California,White Collar,20.May.2017,"$6,345.03 ",married,secondary,yes,yes,cellular,189,2,unknown,no
Patty  Thompson,Male,45,Nevada,White Collar,20.May.2017,"$15,332.51 ",married,secondary,yes,no,unknown,251,1,unknown,no
Rachel  Gomez,Male,44,Nevada,Other,20.May.2017,"$13,522.42 ",divorced,tertiary,no,no,cellular,127,8,unknown,no
Elvira  Bowman,Male,58,Nevada,Other,20.May.2017,"$128,418.75 ",single,tertiary,no,no,telephone,197,1,unknown,no
Jenny  Garcia,Male,52,Nevada,Blue Collar,20.May.2017,"$144,489.21 ",married,tertiary,yes,yes,cellular,84,1,unknown,no
Cecilia  Manning,Female,36,Wyoming,Blue Collar,20.May.2017,"$39,973.81 ",single,secondary,no,no,unknown,141,2,unknown,no
Don  Gonzales,Female,24,Wyoming,White Collar,20.May.2017,"$24,830.96 ",married,secondary,yes,no,unknown,171,1,unknown,no
Robert  Munoz,Male,31,Wyoming,White Collar,20.May.2017,"$50,757.61 ",single,tertiary,no,no,cellular,262,3,unknown,no
Jenny  Garcia,Female,38,Wyoming,Blue Collar,20.May.2017,"$41,553.90 ",married,tertiary,no,no,cellular,352,2,unknown,yes
Dan  Peterson,Female,42,Wyoming,Other,20.May.2017,"$35,849.70 ",married,tertiary,yes,no,cellular,236,1,failure,no
Pauline  Beck,Female,40,California,White Collar,21.May.2017,"$33,836.03 ",married,secondary,yes,no,unknown,184,1,unknown,no
Pauline  Beck,Male,32,California,Blue Collar,21.May.2017,"$6,829.04 ",single,tertiary,yes,yes,cellular,568,2,unknown,no
Max  Rodgers,Male,42,California,White Collar,21.May.2017,"$24,231.52 ",single,secondary,no,no,cellular,105,2,unknown,no
Isabel  Cross,Male,49,Nevada,Blue Collar,21.May.2017,"$47,975.30 ",married,tertiary,yes,no,cellular,260,1,unknown,no
Della  Jensen,Male,51,Nevada,Blue Collar,21.May.2017,"$81,108.69 ",married,tertiary,no,no,cellular,222,3,success,yes
Rachel  Gomez,Male,51,Nevada,Blue Collar,21.May.2017,"$90,830.21 ",married,primary,yes,no,unknown,447,2,unknown,no
Cecilia  Manning,Male,49,Nevada,White Collar,21.May.2017,"$101,867.63 ",single,tertiary,yes,no,cellular,239,8,unknown,no
Lorraine  Gibson,Male,53,Nevada,Other,21.May.2017,"$165,204.78 ",single,secondary,yes,no,cellular,426,1,unknown,no
Rachel  Gomez,Male,40,Wyoming,Blue Collar,21.May.2017,"$51,229.40 ",single,tertiary,no,no,cellular,333,1,failure,no
Isabel  Cross,Male,22,Oregon,White Collar,21.May.2017,"$15,629.10 ",married,tertiary,no,no,cellular,174,2,unknown,no
Ivan  Adkins,Female,36,California,White Collar,22.May.2017,"$41,423.33 ",married,secondary,yes,yes,unknown,284,2,unknown,no
Pauline  Beck,Male,44,California,White Collar,22.May.2017,"$141,001.30 ",single,tertiary,yes,no,cellular,428,1,unknown,no
Isabel  Cross,Female,33,California,White Collar,22.May.2017,"$33,412.55 ",married,secondary,yes,yes,cellular,236,1,unknown,no
Bethany  Pena,Male,48,Nevada,Other,22.May.2017,"$12,110.19 ",married,secondary,no,no,cellular,150,2,unknown,no
Christina  Fuller,Male,51,Nevada,Blue Collar,22.May.2017,"$188,553.37 ",married,tertiary,no,no,cellular,237,1,failure,no
Trevor  Jones,Male,57,Nevada,Blue Collar,22.May.2017,"$75,304.09 ",single,tertiary,yes,yes,cellular,1031,8,unknown,yes
Cindy  Becker,Male,64,Nevada,Blue Collar,22.May.2017,"$23,744.73 ",married,tertiary,no,no,cellular,107,1,failure,no
Nellie  Joseph,Male,42,Wyoming,White Collar,22.May.2017,"$59,086.00 ",married,secondary,yes,no,unknown,45,13,unknown,no
Salvador  Bass,Female,50,Wyoming,White Collar,22.May.2017,"$86,002.69 ",married,secondary,no,no,cellular,140,10,unknown,no
Eric  Rose,Female,34,Wyoming,White Collar,22.May.2017,"$72,209.49 ",divorced,tertiary,no,no,unknown,700,1,unknown,yes
Shari  Silva,Female,30,Wyoming,White Collar,22.May.2017,"$30,261.33 ",divorced,tertiary,no,yes,cellular,155,1,unknown,no
Salvador  Bass,Female,40,Wyoming,White Collar,22.May.2017,"$27,429.88 ",divorced,primary,yes,no,unknown,211,5,unknown,no
Sylvester  Morales,Female,46,Oregon,Blue Collar,22.May.2017,"$34,188.06 ",married,secondary,no,no,cellular,165,4,unknown,no
Arturo  Francis,Male,28,Oregon,White Collar,22.May.2017,"$218,759.37 ",divorced,secondary,no,yes,cellular,144,5,unknown,no
Eric  Rose,Male,38,California,Blue Collar,23.May.2017,"$71,378.57 ",single,tertiary,yes,no,unknown,590,3,unknown,yes
Lance  Yates,Female,38,California,Other,23.May.2017,"$45,951.25 ",divorced,unknown,no,no,unknown,43,8,unknown,no
Sandra  Floyd,Male,29,California,Blue Collar,23.May.2017,"$93,477.69 ",married,unknown,no,no,unknown,471,2,unknown,no
Cindy  Becker,Female,32,California,Other,23.May.2017,"$118,830.61 ",single,secondary,yes,no,unknown,295,2,unknown,no
Ernest  Davis,Male,48,Nevada,Blue Collar,23.May.2017,"$14,920.63 ",married,tertiary,yes,no,unknown,526,2,unknown,yes
Iris  Underwood,Female,47,Nevada,Other,23.May.2017,"$28,904.33 ",single,tertiary,yes,yes,cellular,27,10,unknown,no
Paulette  Spencer,Male,50,Nevada,Blue Collar,23.May.2017,"$105,729.97 ",married,secondary,no,no,cellular,1181,4,unknown,yes
Robert  Munoz,Male,50,Nevada,Other,23.May.2017,"$72,322.67 ",married,tertiary,no,no,cellular,103,2,unknown,no
Della  Jensen,Male,52,Nevada,Blue Collar,23.May.2017,"$74,014.78 ",divorced,tertiary,yes,no,telephone,249,3,failure,no
Don  Gonzales,Male,53,Nevada,Blue Collar,23.May.2017,"$49,654.27 ",married,secondary,yes,no,cellular,231,4,unknown,no
Robert  Munoz,Female,26,Wyoming,Blue Collar,23.May.2017,"$59,617.39 ",married,primary,yes,yes,cellular,123,2,failure,no
Marian  Hill,Female,46,Wyoming,White Collar,23.May.2017,"$45,155.63 ",single,tertiary,yes,no,cellular,199,2,failure,no
Sonya  Mullins,Female,34,Wyoming,White Collar,23.May.2017,"$42,196.21 ",single,tertiary,no,no,cellular,197,1,failure,no
Carla  Mccormick,Male,35,Oregon,White Collar,23.May.2017,"$17,369.25 ",divorced,tertiary,yes,no,unknown,67,2,unknown,no
Bernadette  Page,Male,25,Oregon,Other,23.May.2017,$526.94 ,married,secondary,no,yes,cellular,220,1,unknown,no
Felicia  Jennings,Male,30,California,White Collar,24.May.2017,"$27,088.27 ",married,secondary,no,no,cellular,122,6,unknown,no
Max  Rodgers,Male,32,California,Other,24.May.2017,"$78,477.18 ",married,primary,yes,no,unknown,104,7,unknown,no
Felicia  Jennings,Female,48,California,White Collar,24.May.2017,"$39,540.70 ",divorced,primary,yes,no,cellular,307,6,unknown,no
Elvira  Bowman,Male,45,Nevada,Other,24.May.2017,"$25,109.87 ",married,primary,no,no,cellular,117,1,success,no
Cecilia  Manning,Male,52,Nevada,Blue Collar,24.May.2017,"$25,147.76 ",married,secondary,no,no,cellular,253,1,success,no
Christina  Fuller,Male,53,Nevada,Blue Collar,24.May.2017,"$98,998.22 ",married,tertiary,yes,no,cellular,770,2,unknown,no
Eddie  Green,Male,51,Nevada,Blue Collar,24.May.2017,"$38,597.48 ",divorced,secondary,yes,yes,cellular,190,1,other,no
Drew  Rogers,Male,48,Nevada,Blue Collar,24.May.2017,"$44,030.55 ",single,tertiary,yes,no,cellular,767,5,unknown,yes
Bethany  Pena,Male,52,Nevada,Other,24.May.2017,"$87,267.73 ",single,tertiary,yes,no,cellular,232,2,unknown,yes
Sonya  Mullins,Male,38,Nevada,White Collar,24.May.2017,"$59,255.49 ",married,primary,yes,no,cellular,854,2,other,no
Cecilia  Manning,Male,48,Nevada,Other,24.May.2017,"$28,983.12 ",single,secondary,yes,no,unknown,293,6,unknown,no
Blake  Bridges,Male,35,Wyoming,Blue Collar,24.May.2017,"$56,776.40 ",married,secondary,no,no,telephone,986,1,failure,no
Colleen  Warren,Male,35,Wyoming,White Collar,24.May.2017,"$124,964.43 ",married,tertiary,no,no,cellular,66,1,unknown,no
Herman  Williams,Male,33,Wyoming,White Collar,24.May.2017,"$63,504.03 ",married,primary,no,yes,cellular,114,1,failure,no
Trevor  Jones,Male,52,Nevada,Blue Collar,25.May.2017,"$125,226.63 ",divorced,secondary,no,no,cellular,205,1,unknown,no
Andrew  Meyer,Male,42,Nevada,Blue Collar,25.May.2017,"$97,991.60 ",married,secondary,no,yes,telephone,31,4,unknown,no
Carla  Mccormick,Female,61,Nevada,Other,25.May.2017,"$12,487.46 ",married,secondary,no,no,unknown,113,1,unknown,no
Cecilia  Manning,Female,59,Nevada,Other,25.May.2017,"$35,931.63 ",married,secondary,yes,no,cellular,200,1,failure,no
Shari  Silva,Male,53,Nevada,Other,25.May.2017,"$106,683.04 ",married,unknown,yes,no,cellular,158,1,failure,no
Tracy  Reed,Male,55,Nevada,Blue Collar,25.May.2017,"$48,672.04 ",married,tertiary,yes,no,unknown,99,4,unknown,no
Marian  Hill,Male,26,Wyoming,Blue Collar,25.May.2017,"$16,530.64 ",divorced,secondary,no,no,cellular,45,3,unknown,no
Bernadette  Page,Female,22,Oregon,Other,25.May.2017,"$44,950.58 ",married,secondary,yes,no,cellular,239,4,other,no
Drew  Rogers,Male,41,California,White Collar,26.May.2017,"$36,653.72 ",single,tertiary,yes,no,telephone,168,3,unknown,no
Beth  Tucker,Female,25,California,White Collar,26.May.2017,"$1,381.04 ",married,secondary,no,yes,cellular,196,2,unknown,no
Robert  Munoz,Female,29,California,White Collar,26.May.2017,"$22,972.79 ",single,secondary,no,no,unknown,319,6,unknown,no
Austin  Reynolds,Female,40,California,Blue Collar,26.May.2017,"$113,570.34 ",married,primary,no,no,unknown,209,3,unknown,no
Billie  Chandler,Female,52,Nevada,Other,26.May.2017,"$26,862.96 ",single,unknown,no,no,cellular,184,1,unknown,no
Shari  Silva,Male,37,Nevada,Other,26.May.2017,"$99,286.15 ",married,secondary,no,yes,cellular,156,2,unknown,no
Ernest  Davis,Male,60,Nevada,Blue Collar,26.May.2017,"$20,542.88 ",married,secondary,yes,no,cellular,35,16,unknown,no
Salvador  Bass,Male,23,Nevada,Blue Collar,26.May.2017,"$86,443.43 ",single,tertiary,yes,no,cellular,88,2,unknown,no
Della  Jensen,Female,42,Wyoming,Blue Collar,26.May.2017,"$45,715.30 ",single,secondary,no,no,cellular,347,3,success,yes
Mable  Lindsey,Male,34,Wyoming,Blue Collar,26.May.2017,"$126,712.52 ",married,secondary,yes,no,cellular,126,2,failure,no
Mable  Lindsey,Male,36,Wyoming,Other,26.May.2017,$597.22 ,married,tertiary,yes,no,cellular,157,5,unknown,no
Isabel  Cross,Female,33,Wyoming,White Collar,26.May.2017,"$53,186.97 ",married,primary,yes,no,unknown,212,5,unknown,no
Joey  Wong,Male,33,Wyoming,White Collar,26.May.2017,"$46,727.57 ",married,primary,no,no,telephone,123,1,unknown,no
Bobbie  Ryan,Female,42,Oregon,Other,26.May.2017,"$143,325.24 ",single,tertiary,yes,yes,unknown,306,5,unknown,no
Cassandra  Franklin,Male,18,Oregon,White Collar,26.May.2017,"$58,028.03 ",single,secondary,yes,no,unknown,63,1,unknown,no
Johanna  Boone,Female,34,Oregon,Other,26.May.2017,"$181,799.70 ",single,tertiary,no,yes,cellular,119,1,unknown,no
Ellen  Weaver,Male,32,California,White Collar,27.May.2017,"$16,307.03 ",single,primary,yes,no,unknown,29,1,unknown,no
Colleen  Warren,Male,29,California,White Collar,27.May.2017,"$31,296.01 ",married,unknown,no,no,cellular,117,2,unknown,no
Drew  Rogers,Female,45,California,White Collar,27.May.2017,"$117,909.45 ",married,tertiary,no,no,cellular,231,2,unknown,no
Bethany  Pena,Male,44,Nevada,Other,27.May.2017,"$45,882.60 ",married,secondary,no,yes,cellular,123,4,unknown,no
Brooke  Horton,Male,45,Nevada,Other,27.May.2017,"$110,790.58 ",married,tertiary,yes,no,cellular,265,1,unknown,no
Carla  Mccormick,Male,45,Nevada,Blue Collar,27.May.2017,"$79,231.64 ",married,secondary,yes,no,cellular,144,1,unknown,no
Lee  Mack,Male,60,Nevada,Other,27.May.2017,"$73,254.49 ",single,secondary,no,yes,unknown,559,3,unknown,no
Trevor  Jones,Male,58,Nevada,Blue Collar,27.May.2017,"$91,588.33 ",married,tertiary,no,no,cellular,74,1,failure,no
Max  Rodgers,Male,48,Nevada,Other,27.May.2017,"$25,761.96 ",married,secondary,yes,no,cellular,183,1,unknown,no
Cassandra  Franklin,Female,31,Wyoming,White Collar,27.May.2017,"$84,884.93 ",single,tertiary,yes,no,cellular,631,1,unknown,no
Jenny  Garcia,Female,34,Wyoming,White Collar,27.May.2017,"$37,008.33 ",divorced,tertiary,no,no,cellular,1282,6,unknown,yes
Carla  Mccormick,Female,40,Wyoming,White Collar,27.May.2017,"$33,866.15 ",married,secondary,no,no,unknown,108,2,unknown,no
Drew  Rogers,Male,34,Wyoming,White Collar,27.May.2017,"$30,424.70 ",married,unknown,no,no,unknown,1199,1,unknown,yes
Isabel  Cross,Female,28,Oregon,White Collar,27.May.2017,"$51,544.31 ",divorced,tertiary,yes,no,unknown,736,2,unknown,yes
Cindy  Becker,Male,29,California,White Collar,28.May.2017,"$111,734.31 ",single,tertiary,no,no,cellular,264,1,unknown,no
Trevor  Jones,Female,32,California,White Collar,28.May.2017,"$114,203.25 ",married,primary,no,no,unknown,262,1,unknown,no
Jaime  Pearson,Female,38,California,White Collar,28.May.2017,"$27,116.72 ",married,secondary,yes,no,unknown,244,1,unknown,no
Eddie  Green,Female,39,California,White Collar,28.May.2017,"$77,763.12 ",married,primary,no,no,unknown,107,2,unknown,no
Bobbie  Ryan,Female,53,Nevada,Other,28.May.2017,"$122,626.13 ",married,primary,no,no,unknown,9,1,unknown,no
Della  Jensen,Male,54,Nevada,Blue Collar,28.May.2017,"$129,924.06 ",divorced,secondary,no,no,cellular,149,2,unknown,no
Arturo  Francis,Male,54,Nevada,Blue Collar,28.May.2017,"$82,331.87 ",single,tertiary,no,no,cellular,321,2,unknown,no
Isabel  Cross,Male,45,Nevada,Other,28.May.2017,"$23,049.69 ",single,secondary,no,no,cellular,224,1,failure,no
Andrew  Meyer,Male,56,Nevada,Blue Collar,28.May.2017,"$30,964.25 ",single,tertiary,no,no,cellular,157,6,unknown,no
Brooke  Horton,Female,59,Nevada,White Collar,28.May.2017,"$65,863.81 ",single,secondary,no,no,cellular,250,1,unknown,no
Cecilia  Manning,Female,30,Wyoming,White Collar,28.May.2017,"$24,033.76 ",married,secondary,no,no,cellular,209,4,unknown,no
Patty  Thompson,Male,32,Wyoming,White Collar,28.May.2017,"$56,064.51 ",married,tertiary,no,no,unknown,111,3,unknown,no
Jenny  Garcia,Male,32,Wyoming,White Collar,28.May.2017,"$131,963.96 ",married,secondary,yes,no,cellular,55,2,failure,no
Salvador  Bass,Male,26,Oregon,White Collar,28.May.2017,"$1,474.24 ",married,secondary,yes,yes,cellular,290,13,unknown,no
Don  Gonzales,Male,33,Oregon,White Collar,28.May.2017,"$139,588.12 ",married,tertiary,no,no,unknown,383,1,unknown,no
Ben  Perez,Female,36,California,White Collar,29.May.2017,"$76,927.88 ",single,tertiary,yes,no,cellular,380,1,unknown,no
Max  Rodgers,Male,43,California,White Collar,29.May.2017,"$59,585.69 ",married,tertiary,no,no,cellular,124,3,unknown,no
Paulette  Spencer,Female,41,California,White Collar,29.May.2017,"$5,649.69 ",married,secondary,yes,yes,unknown,224,2,unknown,no
Cassandra  Franklin,Male,59,Nevada,Blue Collar,29.May.2017,"$38,679.43 ",single,secondary,no,no,cellular,240,1,other,no
Della  Jensen,Male,43,Nevada,Other,29.May.2017,"$3,524.13 ",married,tertiary,yes,no,cellular,385,3,other,no
Pauline  Beck,Male,53,Nevada,Other,29.May.2017,"$66,775.61 ",single,tertiary,yes,no,cellular,133,1,unknown,no
Patty  Thompson,Male,63,Nevada,Other,29.May.2017,"$34,366.64 ",single,unknown,no,no,cellular,91,1,unknown,no
Blake  Bridges,Male,34,Wyoming,Blue Collar,29.May.2017,"$91,715.24 ",married,secondary,yes,yes,cellular,63,3,unknown,no
Kyle  Carr,Female,33,Wyoming,White Collar,29.May.2017,"$125,207.45 ",single,tertiary,yes,no,cellular,192,2,unknown,no
Paulette  Spencer,Male,31,Wyoming,White Collar,29.May.2017,"$95,500.49 ",single,secondary,yes,no,unknown,91,2,unknown,no
Eric  Rose,Male,40,Wyoming,Blue Collar,29.May.2017,"$29,011.94 ",married,primary,no,yes,cellular,79,1,failure,no
Max  Rodgers,Male,47,Wyoming,Blue Collar,29.May.2017,"$12,529.04 ",married,tertiary,no,yes,cellular,96,1,unknown,yes
Bernadette  Page,Female,45,Wyoming,White Collar,29.May.2017,"$24,689.13 ",married,secondary,yes,no,cellular,25,2,unknown,no
Robert  Munoz,Male,28,Wyoming,Other,29.May.2017,"$26,960.40 ",single,secondary,yes,no,cellular,227,2,unknown,no
Arturo  Francis,Female,33,Wyoming,Blue Collar,29.May.2017,"$50,252.54 ",single,secondary,no,no,cellular,110,1,unknown,no
Della  Jensen,Female,38,Oregon,Other,29.May.2017,"$61,590.87 ",divorced,secondary,no,no,cellular,134,2,unknown,no
Herman  Williams,Female,20,Oregon,Other,29.May.2017,"$37,906.03 ",married,secondary,no,no,cellular,213,1,unknown,yes
Rachel  Gomez,Female,31,Oregon,Other,29.May.2017,"$51,514.45 ",single,secondary,yes,no,cellular,75,1,failure,no
Della  Jensen,Male,29,Oregon,Blue Collar,29.May.2017,"$84,831.64 ",married,secondary,no,no,cellular,109,2,unknown,no
Herman  Williams,Female,38,Oregon,Other,29.May.2017,"$11,682.55 ",married,tertiary,no,no,cellular,162,3,unknown,no
Isabel  Cross,Male,34,California,White Collar,30.May.2017,"$66,495.03 ",single,secondary,no,no,cellular,275,1,unknown,yes
Della  Jensen,Female,47,California,Other,30.May.2017,"$124,011.46 ",married,secondary,yes,no,cellular,154,1,other,no
Jaime  Pearson,Female,38,California,White Collar,30.May.2017,"$23,864.03 ",married,primary,no,no,cellular,632,4,unknown,yes
Sonya  Mullins,Male,46,California,White Collar,30.May.2017,"$70,259.63 ",married,tertiary,yes,yes,cellular,251,1,unknown,no
Isabel  Cross,Female,34,California,Other,30.May.2017,"$68,711.28 ",married,secondary,no,yes,telephone,141,1,unknown,no
Robert  Munoz,Male,47,Nevada,Blue Collar,30.May.2017,"$9,233.67 ",single,secondary,yes,yes,cellular,154,1,unknown,no
Ruben  Nunez,Male,51,Nevada,Blue Collar,30.May.2017,"$25,653.30 ",married,secondary,yes,no,cellular,63,1,unknown,no
Della  Jensen,Male,36,Nevada,Blue Collar,30.May.2017,"$24,915.27 ",married,primary,no,yes,cellular,259,1,unknown,no
Della  Jensen,Male,43,Nevada,Other,30.May.2017,"$18,190.69 ",divorced,primary,yes,no,unknown,100,1,unknown,no
Christina  Fuller,Male,22,Nevada,Blue Collar,30.May.2017,"$1,248.27 ",divorced,primary,no,no,unknown,17,10,unknown,no
Pauline  Beck,Female,35,Wyoming,White Collar,30.May.2017,"$68,487.42 ",married,secondary,yes,no,telephone,192,9,unknown,no
Max  Rodgers,Male,34,Wyoming,Other,30.May.2017,"$52,908.70 ",married,primary,yes,no,unknown,97,9,unknown,no
Allan  Ramos,Female,25,Oregon,Other,30.May.2017,"$24,446.64 ",married,secondary,no,no,cellular,41,2,unknown,no
Andrew  Meyer,Female,19,Oregon,Other,30.May.2017,"$7,063.13 ",married,secondary,yes,no,unknown,200,3,unknown,no
Trevor  Jones,Female,37,Oregon,Other,30.May.2017,"$121,646.46 ",single,secondary,yes,no,cellular,91,3,unknown,no
Joey  Wong,Female,45,Oregon,Other,30.May.2017,"$14,162.73 ",married,tertiary,yes,yes,cellular,264,1,unknown,yes
Eric  Rose,Female,26,Oregon,White Collar,30.May.2017,"$14,037.51 ",married,secondary,yes,no,cellular,397,2,unknown,no
Cassandra  Franklin,Male,37,Oregon,White Collar,30.May.2017,"$70,514.58 ",married,primary,yes,no,unknown,86,1,unknown,no
Kyle  Carr,Male,40,California,White Collar,31.May.2017,"$1,370.75 ",married,tertiary,no,no,cellular,446,1,unknown,no
Bobbie  Ryan,Female,38,California,White Collar,31.May.2017,"$35,593.75 ",married,secondary,no,no,cellular,304,1,unknown,no
Eddie  Green,Female,52,Nevada,Other,31.May.2017,"$66,799.13 ",single,primary,yes,no,unknown,88,4,unknown,no
Isabel  Cross,Male,46,Nevada,White Collar,31.May.2017,"$68,781.37 ",single,tertiary,yes,no,cellular,86,2,unknown,no
Colleen  Warren,Male,48,Nevada,Other,31.May.2017,"$204,970.07 ",single,secondary,yes,no,cellular,63,1,unknown,no
Cindy  Becker,Male,44,Nevada,Blue Collar,31.May.2017,"$8,631.78 ",married,secondary,yes,no,cellular,335,2,failure,no
Iris  Underwood,Male,45,Nevada,Blue Collar,31.May.2017,"$127,948.06 ",divorced,secondary,no,no,cellular,293,2,failure,no
Ellen  Weaver,Female,34,Wyoming,White Collar,31.May.2017,"$159,036.72 ",married,primary,yes,no,unknown,227,4,unknown,no
Guillermo  Potter,Female,39,Wyoming,Other,31.May.2017,"$1,113.97 ",single,secondary,yes,no,unknown,146,2,unknown,no
Bobbie  Ryan,Male,24,Oregon,White Collar,31.May.2017,"$116,422.84 ",married,primary,yes,no,cellular,276,3,unknown,no
Robert  Munoz,Female,22,Oregon,White Collar,31.May.2017,"$87,439.84 ",married,tertiary,yes,no,cellular,238,3,failure,no
Drew  Rogers,Male,44,California,White Collar,01.Jun.2017,"$23,671.66 ",single,secondary,yes,yes,cellular,14,6,unknown,no
Tiffany  May,Male,32,California,White Collar,01.Jun.2017,"$145,338.28 ",married,secondary,yes,no,unknown,144,2,unknown,no
Johanna  Boone,Male,45,California,Other,01.Jun.2017,"$79,930.61 ",single,tertiary,no,no,cellular,367,1,unknown,no
Ernest  Davis,Male,34,Nevada,Blue Collar,01.Jun.2017,"$13,950.51 ",married,secondary,yes,no,cellular,132,1,unknown,no
Eric  Rose,Male,37,Nevada,Blue Collar,01.Jun.2017,$101.52 ,single,primary,yes,yes,unknown,42,4,unknown,no
Cecilia  Manning,Male,32,Wyoming,Other,01.Jun.2017,"$92,731.96 ",divorced,tertiary,yes,no,unknown,227,1,unknown,no
Brooke  Horton,Female,22,Wyoming,White Collar,01.Jun.2017,"$70,766.46 ",single,secondary,no,no,telephone,40,8,failure,no
Della  Jensen,Male,28,Wyoming,Blue Collar,01.Jun.2017,"$3,746.31 ",single,secondary,yes,no,unknown,614,2,unknown,no
Edwin  Malone,Female,36,Wyoming,White Collar,01.Jun.2017,"$59,398.39 ",married,primary,yes,no,unknown,270,1,unknown,no
Cassandra  Franklin,Male,31,Oregon,Blue Collar,01.Jun.2017,"$143,892.64 ",married,primary,no,no,unknown,15,1,unknown,no
Tracy  Reed,Female,32,California,Other,02.Jun.2017,"$111,237.42 ",married,secondary,yes,no,unknown,304,2,unknown,no
Cassandra  Franklin,Female,31,California,White Collar,02.Jun.2017,"$19,393.36 ",married,secondary,yes,no,cellular,79,3,unknown,no
Trevor  Jones,Male,48,California,White Collar,02.Jun.2017,"$13,945.51 ",married,tertiary,yes,no,cellular,101,1,unknown,no
Max  Rodgers,Male,47,Nevada,Blue Collar,02.Jun.2017,"$37,207.66 ",married,primary,yes,no,unknown,55,3,unknown,no
Edwin  Malone,Male,53,Nevada,White Collar,02.Jun.2017,"$38,139.60 ",single,secondary,yes,no,unknown,205,3,unknown,no
Trevor  Jones,Female,36,Wyoming,Blue Collar,02.Jun.2017,"$97,557.69 ",married,tertiary,yes,no,cellular,259,2,unknown,no
Shari  Silva,Male,38,Wyoming,Blue Collar,02.Jun.2017,"$103,686.67 ",divorced,tertiary,no,no,cellular,60,2,unknown,no
Robert  Munoz,Female,47,California,White Collar,03.Jun.2017,"$58,469.81 ",married,primary,yes,no,cellular,122,2,unknown,no
Iris  Underwood,Male,22,California,White Collar,03.Jun.2017,"$5,868.00 ",married,secondary,yes,no,cellular,557,5,unknown,no
Trevor  Jones,Female,51,California,White Collar,03.Jun.2017,"$16,225.42 ",divorced,primary,yes,no,telephone,42,1,unknown,no
Jenny  Garcia,Female,45,Nevada,White Collar,03.Jun.2017,"$83,903.37 ",single,tertiary,yes,no,cellular,373,8,unknown,no
Blake  Bridges,Male,55,Nevada,Blue Collar,03.Jun.2017,"$12,598.36 ",married,tertiary,yes,no,cellular,80,3,unknown,no
Salvador  Bass,Male,47,Nevada,Other,03.Jun.2017,"$26,175.15 ",single,secondary,no,no,cellular,239,3,unknown,no
Max  Rodgers,Male,41,Wyoming,White Collar,03.Jun.2017,"$198,021.70 ",divorced,tertiary,no,no,unknown,29,1,unknown,no
Max  Rodgers,Female,31,Oregon,Other,03.Jun.2017,"$27,827.70 ",single,secondary,yes,no,unknown,1663,1,unknown,yes
Lorraine  Gibson,Female,28,California,White Collar,04.Jun.2017,"$51,934.09 ",single,tertiary,yes,no,unknown,186,4,unknown,no
Sonya  Mullins,Female,29,California,Blue Collar,04.Jun.2017,"$49,757.36 ",divorced,secondary,no,no,unknown,430,1,unknown,no
Bernadette  Page,Female,27,California,Other,04.Jun.2017,"$12,954.30 ",married,secondary,no,no,telephone,58,2,unknown,no
Sylvester  Morales,Male,45,Nevada,Blue Collar,04.Jun.2017,"$92,642.15 ",single,unknown,no,no,cellular,279,1,failure,no
Trevor  Jones,Male,39,Nevada,Blue Collar,04.Jun.2017,"$41,165.87 ",divorced,unknown,yes,no,cellular,332,2,unknown,no
Pauline  Beck,Female,53,Nevada,White Collar,04.Jun.2017,"$53,529.18 ",married,tertiary,no,no,cellular,510,2,other,no
Sylvester  Morales,Male,54,Nevada,Other,04.Jun.2017,"$13,199.82 ",single,secondary,yes,no,cellular,218,1,failure,no
Cecilia  Manning,Male,49,Nevada,Blue Collar,04.Jun.2017,"$84,812.75 ",married,secondary,yes,no,cellular,74,2,failure,no
Arturo  Francis,Female,46,Nevada,White Collar,04.Jun.2017,"$51,807.45 ",single,secondary,no,no,cellular,676,1,unknown,no
Ruben  Nunez,Male,52,Nevada,Other,04.Jun.2017,"$26,794.12 ",married,tertiary,yes,no,cellular,1259,2,failure,no
Arturo  Francis,Female,39,California,White Collar,05.Jun.2017,"$39,562.60 ",married,secondary,yes,yes,cellular,285,3,failure,no
Austin  Reynolds,Male,39,California,White Collar,05.Jun.2017,"$102,769.30 ",divorced,unknown,yes,no,cellular,298,1,unknown,no
Tiffany  May,Male,41,California,White Collar,05.Jun.2017,"$56,369.97 ",married,secondary,yes,yes,cellular,225,4,unknown,no
Elbert  Klein,Male,29,California,White Collar,05.Jun.2017,"$14,393.57 ",single,secondary,yes,no,cellular,80,2,other,no
Trevor  Jones,Female,48,Nevada,Other,05.Jun.2017,"$86,907.63 ",married,tertiary,yes,no,cellular,342,1,unknown,yes
Shari  Silva,Female,52,Nevada,Other,05.Jun.2017,"$68,197.45 ",married,secondary,yes,no,cellular,404,3,unknown,no
Arturo  Francis,Female,23,Wyoming,White Collar,05.Jun.2017,"$68,881.67 ",divorced,secondary,no,yes,cellular,332,1,unknown,no
Della  Jensen,Female,33,Wyoming,White Collar,05.Jun.2017,"$136,125.48 ",single,tertiary,yes,no,cellular,158,1,unknown,no
Tiffany  May,Male,33,Wyoming,Other,05.Jun.2017,"$2,472.34 ",married,secondary,yes,no,cellular,164,1,unknown,no
Tiffany  May,Female,29,Wyoming,White Collar,05.Jun.2017,"$22,396.25 ",married,secondary,yes,no,cellular,57,1,other,no
Isabel  Cross,Male,45,California,White Collar,06.Jun.2017,"$21,310.82 ",married,secondary,no,no,cellular,121,1,unknown,no
Nellie  Joseph,Female,34,California,White Collar,06.Jun.2017,"$126,600.09 ",married,secondary,yes,no,cellular,56,1,unknown,no
Isabel  Cross,Female,47,California,White Collar,06.Jun.2017,"$23,698.61 ",single,secondary,no,no,unknown,178,1,unknown,no
Lynette  Brewer,Female,55,Nevada,Other,06.Jun.2017,"$14,753.28 ",single,primary,no,no,cellular,283,1,unknown,no
Robert  Munoz,Male,52,Nevada,Blue Collar,06.Jun.2017,"$28,636.10 ",married,secondary,yes,no,cellular,113,1,other,no
Isabel  Cross,Male,53,Nevada,Blue Collar,06.Jun.2017,"$63,022.87 ",married,secondary,no,no,cellular,22,5,unknown,no
Woodrow  Colon,Male,34,Wyoming,Blue Collar,06.Jun.2017,"$44,069.28 ",single,tertiary,yes,no,cellular,159,2,failure,no
Jenny  Garcia,Male,36,California,Blue Collar,07.Jun.2017,"$91,222.85 ",married,tertiary,no,no,cellular,138,1,other,no
Salvador  Bass,Female,34,California,White Collar,07.Jun.2017,"$34,041.40 ",married,tertiary,yes,no,cellular,1015,1,other,yes
Beth  Tucker,Male,33,California,Other,07.Jun.2017,"$41,518.04 ",married,tertiary,no,no,telephone,182,1,unknown,no
Lorraine  Gibson,Male,35,California,White Collar,07.Jun.2017,"$54,390.01 ",single,tertiary,no,no,cellular,112,3,unknown,no
Jenny  Garcia,Female,31,California,White Collar,07.Jun.2017,"$106,008.69 ",married,secondary,yes,no,cellular,114,1,unknown,no
Rachel  Gomez,Male,45,Nevada,Other,07.Jun.2017,"$20,421.30 ",single,primary,no,yes,cellular,80,8,unknown,no
Rachel  Gomez,Female,29,Oregon,Other,07.Jun.2017,"$86,541.51 ",married,primary,yes,no,telephone,66,1,other,no
Cassandra  Franklin,Male,21,Oregon,White Collar,07.Jun.2017,"$40,331.27 ",single,tertiary,yes,no,cellular,135,22,unknown,no
Billie  Chandler,Male,37,California,White Collar,08.Jun.2017,"$26,201.54 ",single,tertiary,no,no,cellular,99,1,unknown,no
Elvira  Bowman,Male,36,California,White Collar,08.Jun.2017,"$97,352.33 ",married,secondary,no,no,unknown,761,2,unknown,yes
Lorraine  Gibson,Male,54,Nevada,Blue Collar,08.Jun.2017,"$45,800.52 ",married,secondary,no,no,cellular,464,1,unknown,no
Arturo  Francis,Male,42,Nevada,Other,08.Jun.2017,"$93,241.28 ",married,secondary,yes,no,unknown,20,2,unknown,no
Lula  Daniels,Male,40,California,White Collar,09.Jun.2017,"$56,845.73 ",married,secondary,no,no,cellular,206,4,unknown,no
Tracy  Reed,Female,35,California,White Collar,09.Jun.2017,"$72,784.42 ",single,secondary,no,no,cellular,283,2,unknown,no
Shari  Silva,Male,29,Oregon,White Collar,09.Jun.2017,"$85,666.57 ",married,primary,no,no,unknown,64,1,unknown,no
Lynette  Brewer,Female,25,California,White Collar,10.Jun.2017,"$195,218.99 ",single,secondary,yes,no,cellular,667,3,other,yes
Willie  Vega,Male,44,California,White Collar,10.Jun.2017,"$82,811.61 ",single,tertiary,no,no,cellular,73,3,unknown,no
Max  Rodgers,Male,32,California,White Collar,10.Jun.2017,"$40,649.79 ",married,tertiary,yes,no,unknown,156,2,unknown,no
Drew  Rogers,Female,42,California,Other,10.Jun.2017,"$1,612.52 ",single,secondary,yes,no,unknown,559,7,unknown,no
Max  Rodgers,Male,64,Nevada,Blue Collar,10.Jun.2017,"$5,633.51 ",married,secondary,no,no,cellular,143,2,unknown,no
Fernando  Rowe,Male,49,Nevada,Blue Collar,10.Jun.2017,"$84,618.45 ",divorced,secondary,yes,no,unknown,62,1,unknown,no
Sandra  Floyd,Female,35,Nevada,Other,10.Jun.2017,"$33,035.75 ",single,secondary,yes,yes,cellular,219,2,failure,no
Jaime  Pearson,Male,45,Wyoming,Blue Collar,10.Jun.2017,"$104,647.13 ",single,secondary,yes,no,cellular,15,3,unknown,no
Jenny  Garcia,Female,46,California,Blue Collar,11.Jun.2017,"$30,618.30 ",married,secondary,yes,no,cellular,567,1,unknown,no
Cecilia  Manning,Female,29,California,White Collar,11.Jun.2017,"$47,007.04 ",single,secondary,yes,no,cellular,188,2,unknown,no
Fernando  Rowe,Male,27,California,White Collar,11.Jun.2017,"$116,432.21 ",married,primary,yes,no,cellular,159,2,unknown,no
Bernadette  Page,Female,25,California,White Collar,11.Jun.2017,"$4,033.34 ",married,secondary,yes,no,telephone,121,2,unknown,no
Woodrow  Colon,Male,36,California,Blue Collar,11.Jun.2017,"$66,266.78 ",divorced,primary,no,no,cellular,345,1,other,yes
Brooke  Horton,Male,32,California,White Collar,11.Jun.2017,"$28,921.84 ",married,tertiary,no,no,unknown,717,1,unknown,no
Mable  Lindsey,Male,53,Wyoming,White Collar,11.Jun.2017,"$33,546.36 ",married,secondary,no,no,cellular,71,3,unknown,no
Brooke  Horton,Female,36,California,White Collar,12.Jun.2017,"$23,075.70 ",married,secondary,no,no,cellular,144,2,unknown,no
Patty  Thompson,Male,42,California,White Collar,12.Jun.2017,"$60,153.31 ",divorced,tertiary,no,yes,cellular,38,1,unknown,no
Guillermo  Potter,Male,40,Nevada,Blue Collar,12.Jun.2017,"$15,996.73 ",married,secondary,yes,no,cellular,60,2,unknown,no
Shari  Silva,Male,41,Nevada,Blue Collar,12.Jun.2017,"$100,147.91 ",divorced,tertiary,no,no,cellular,336,2,success,yes
Johanna  Boone,Female,25,Wyoming,Blue Collar,12.Jun.2017,"$23,431.57 ",married,secondary,yes,yes,unknown,92,4,unknown,no
Brooke  Horton,Male,45,California,Blue Collar,13.Jun.2017,"$18,395.82 ",married,secondary,no,no,cellular,254,2,failure,no
Elaine  Ellis,Female,33,California,White Collar,13.Jun.2017,"$29,878.49 ",single,tertiary,yes,yes,cellular,104,1,failure,no
Andrew  Meyer,Female,38,California,White Collar,13.Jun.2017,"$13,581.09 ",divorced,tertiary,yes,yes,cellular,74,5,unknown,no
Christina  Fuller,Female,47,California,Blue Collar,13.Jun.2017,"$13,578.10 ",married,primary,no,no,cellular,156,2,unknown,no
Guillermo  Potter,Male,31,California,Other,13.Jun.2017,"$31,250.15 ",married,tertiary,no,no,cellular,146,2,unknown,no
Salvador  Bass,Female,42,Nevada,Other,13.Jun.2017,"$123,469.24 ",single,secondary,yes,no,unknown,882,1,unknown,yes
Austin  Reynolds,Male,58,Nevada,Blue Collar,13.Jun.2017,"$54,838.82 ",married,primary,yes,no,unknown,84,4,unknown,no
Kyle  Carr,Female,43,Nevada,Other,13.Jun.2017,"$85,701.24 ",married,primary,yes,no,unknown,114,2,unknown,no
Peter  Hodges,Male,56,Nevada,Blue Collar,13.Jun.2017,"$47,660.55 ",single,secondary,no,yes,unknown,957,3,unknown,no
Cassandra  Franklin,Male,38,California,White Collar,14.Jun.2017,"$6,808.63 ",married,secondary,no,no,unknown,67,3,unknown,no
Bethany  Pena,Female,44,California,White Collar,14.Jun.2017,"$29,319.67 ",divorced,primary,yes,no,cellular,211,11,unknown,no
Johanna  Boone,Male,34,California,White Collar,14.Jun.2017,"$33,686.81 ",married,secondary,yes,no,cellular,299,2,unknown,no
Robert  Munoz,Male,38,California,White Collar,14.Jun.2017,"$29,406.54 ",married,secondary,yes,yes,cellular,102,6,failure,no
Peter  Hodges,Male,40,California,White Collar,14.Jun.2017,"$118,558.19 ",married,secondary,no,yes,unknown,225,1,unknown,no
Della  Jensen,Female,46,California,White Collar,14.Jun.2017,"$30,421.87 ",single,primary,no,no,cellular,654,2,unknown,yes
Rachel  Gomez,Female,30,California,White Collar,14.Jun.2017,"$52,601.07 ",single,secondary,yes,no,cellular,234,2,unknown,no
Trevor  Jones,Female,34,California,White Collar,14.Jun.2017,"$15,250.31 ",single,tertiary,no,no,telephone,48,6,unknown,no
Max  Rodgers,Male,47,California,White Collar,14.Jun.2017,"$104,445.79 ",single,tertiary,yes,no,cellular,167,1,other,no
Max  Rodgers,Female,35,California,White Collar,14.Jun.2017,"$39,895.72 ",married,secondary,no,no,cellular,500,2,unknown,no
Jenny  Garcia,Female,34,California,White Collar,14.Jun.2017,"$113,702.00 ",married,tertiary,no,no,cellular,22,2,unknown,no
Lynette  Brewer,Female,22,California,White Collar,15.Jun.2017,"$47,011.90 ",single,tertiary,no,no,cellular,258,2,unknown,no
Eric  Rose,Male,31,California,White Collar,15.Jun.2017,"$57,939.43 ",single,secondary,no,yes,cellular,177,1,unknown,no
Tiffany  May,Female,31,California,Blue Collar,15.Jun.2017,"$30,303.15 ",single,tertiary,yes,yes,unknown,62,2,unknown,no
Ellen  Weaver,Female,38,California,Blue Collar,15.Jun.2017,"$60,469.57 ",single,secondary,no,no,cellular,457,1,success,yes
Lorraine  Gibson,Male,23,California,White Collar,15.Jun.2017,"$19,475.21 ",single,secondary,yes,no,telephone,460,2,failure,no
Brooke  Horton,Female,42,California,White Collar,15.Jun.2017,"$57,667.60 ",divorced,primary,yes,no,cellular,184,4,unknown,no
Drew  Rogers,Female,24,California,White Collar,15.Jun.2017,"$57,077.96 ",married,primary,yes,no,telephone,119,3,failure,no
Shari  Silva,Female,45,California,White Collar,15.Jun.2017,"$43,466.61 ",married,primary,no,no,cellular,77,6,unknown,no
Mable  Lindsey,Male,54,Nevada,Blue Collar,15.Jun.2017,"$83,091.39 ",married,secondary,no,yes,cellular,107,1,unknown,no
Max  Rodgers,Female,38,Nevada,Other,15.Jun.2017,"$27,225.36 ",married,primary,yes,no,unknown,1028,2,unknown,yes
Jenny  Garcia,Female,26,Wyoming,White Collar,15.Jun.2017,"$80,874.48 ",married,secondary,yes,no,unknown,87,1,unknown,no
Cassandra  Franklin,Male,37,California,White Collar,16.Jun.2017,"$65,814.21 ",married,primary,yes,no,unknown,315,4,unknown,no
Mable  Lindsey,Male,26,California,Blue Collar,16.Jun.2017,"$104,993.36 ",married,tertiary,yes,yes,cellular,107,2,unknown,no
Robert  Munoz,Female,32,California,Other,16.Jun.2017,"$72,170.16 ",married,primary,no,yes,telephone,201,5,unknown,no
Edwin  Malone,Male,27,California,White Collar,16.Jun.2017,"$55,508.88 ",single,tertiary,no,yes,cellular,94,1,failure,no
Shari  Silva,Female,41,California,White Collar,16.Jun.2017,"$18,226.66 ",single,tertiary,no,no,cellular,192,2,failure,yes
Peter  Hodges,Female,39,California,Other,16.Jun.2017,"$70,084.52 ",single,secondary,yes,no,cellular,185,2,failure,no
Colleen  Warren,Female,33,California,White Collar,16.Jun.2017,"$30,386.00 ",married,tertiary,yes,no,cellular,77,1,unknown,no
Kyle  Carr,Male,59,Nevada,Blue Collar,16.Jun.2017,"$32,512.09 ",married,secondary,yes,no,cellular,142,3,unknown,no
Max  Rodgers,Male,49,Nevada,Blue Collar,16.Jun.2017,"$99,067.04 ",single,secondary,no,no,cellular,381,1,unknown,no
Peter  Hodges,Female,47,California,White Collar,17.Jun.2017,"$37,009.13 ",married,secondary,yes,yes,cellular,222,2,unknown,no
Ivan  Adkins,Female,40,California,Blue Collar,17.Jun.2017,"$41,245.21 ",married,primary,yes,no,cellular,106,1,unknown,no
Sylvester  Morales,Female,34,California,White Collar,17.Jun.2017,"$25,832.48 ",divorced,unknown,yes,no,unknown,117,1,unknown,no
Isabel  Cross,Female,38,California,White Collar,17.Jun.2017,"$142,501.88 ",single,secondary,no,no,cellular,67,3,unknown,no
Ruben  Nunez,Male,37,California,White Collar,17.Jun.2017,"$69,674.03 ",single,tertiary,yes,no,cellular,45,2,failure,no
Mable  Lindsey,Male,43,Nevada,Other,17.Jun.2017,"$31,546.10 ",single,secondary,no,yes,cellular,643,2,unknown,no
Ellen  Weaver,Male,52,Nevada,Blue Collar,17.Jun.2017,"$77,147.39 ",married,tertiary,yes,no,cellular,76,1,failure,no
Bernadette  Page,Female,29,Wyoming,Other,17.Jun.2017,"$23,934.58 ",married,tertiary,no,no,cellular,508,6,unknown,no
Mable  Lindsey,Female,31,California,White Collar,18.Jun.2017,"$36,718.04 ",single,secondary,no,no,cellular,128,2,unknown,yes
Pauline  Beck,Male,47,California,White Collar,18.Jun.2017,"$106,635.15 ",married,primary,yes,no,cellular,193,2,other,no
Trevor  Jones,Male,31,California,White Collar,18.Jun.2017,"$53,272.94 ",married,tertiary,no,no,unknown,172,6,unknown,no
Jenny  Garcia,Female,44,Nevada,Other,18.Jun.2017,"$144,567.07 ",single,secondary,no,no,cellular,142,2,unknown,no
Allan  Ramos,Male,43,Nevada,Blue Collar,18.Jun.2017,"$45,258.18 ",married,secondary,yes,yes,unknown,492,2,unknown,no
Christina  Fuller,Male,48,Nevada,Other,18.Jun.2017,"$2,000.48 ",married,secondary,no,yes,unknown,140,1,unknown,no
Ben  Perez,Male,56,Nevada,Other,18.Jun.2017,"$61,076.55 ",married,primary,no,no,unknown,140,2,unknown,no
Bobbie  Ryan,Male,39,Wyoming,Blue Collar,18.Jun.2017,"$80,843.18 ",single,tertiary,yes,no,unknown,257,2,unknown,no
Drew  Rogers,Female,25,Oregon,Blue Collar,18.Jun.2017,"$223,428.55 ",married,tertiary,no,no,cellular,41,2,failure,no
Johanna  Boone,Female,26,Oregon,Other,18.Jun.2017,"$81,002.34 ",divorced,secondary,no,no,cellular,91,2,unknown,no
Della  Jensen,Male,35,Oregon,White Collar,18.Jun.2017,"$139,979.13 ",married,secondary,yes,no,cellular,132,2,unknown,no
Shari  Silva,Female,34,California,Other,19.Jun.2017,"$85,650.85 ",married,secondary,no,no,unknown,284,1,unknown,no
Sandra  Floyd,Female,24,California,White Collar,19.Jun.2017,"$62,668.15 ",single,secondary,no,no,cellular,184,2,unknown,no
Ernest  Davis,Female,28,California,White Collar,19.Jun.2017,"$110,236.24 ",married,secondary,yes,no,cellular,225,1,unknown,no
Willie  Vega,Male,23,California,Other,19.Jun.2017,"$74,780.67 ",married,secondary,yes,no,unknown,241,3,unknown,no
Christy  Olson,Male,43,California,White Collar,19.Jun.2017,"$43,563.30 ",single,tertiary,no,no,cellular,79,3,unknown,no
Donna  Reid,Female,30,California,White Collar,19.Jun.2017,"$109,685.22 ",married,tertiary,yes,no,cellular,156,1,unknown,no
Cassandra  Franklin,Female,40,California,White Collar,19.Jun.2017,"$93,858.66 ",married,secondary,no,no,cellular,223,2,unknown,no
Cassandra  Franklin,Female,60,Nevada,Other,19.Jun.2017,"$99,570.16 ",married,secondary,yes,no,unknown,198,1,unknown,no
Christina  Fuller,Male,34,California,White Collar,20.Jun.2017,"$11,535.66 ",married,primary,no,no,cellular,536,2,unknown,no
Beth  Tucker,Male,49,California,White Collar,20.Jun.2017,"$89,820.55 ",married,primary,yes,no,unknown,304,2,unknown,no
Austin  Reynolds,Female,37,California,White Collar,20.Jun.2017,"$131,211.81 ",married,primary,yes,no,cellular,196,2,failure,no
Herman  Williams,Male,30,California,White Collar,20.Jun.2017,"$31,576.58 ",divorced,secondary,yes,no,unknown,298,2,unknown,no
Isabel  Cross,Female,35,California,White Collar,20.Jun.2017,"$34,226.79 ",divorced,tertiary,yes,yes,unknown,86,6,unknown,no
Felicia  Jennings,Female,35,California,White Collar,20.Jun.2017,"$31,811.48 ",divorced,secondary,yes,no,unknown,186,1,unknown,no
Christy  Olson,Female,42,California,White Collar,20.Jun.2017,"$33,280.51 ",married,primary,yes,no,cellular,167,3,unknown,no
Cindy  Becker,Female,30,California,White Collar,20.Jun.2017,"$21,169.72 ",married,secondary,yes,no,cellular,24,12,unknown,no
Carla  Mccormick,Male,32,California,Blue Collar,20.Jun.2017,"$35,669.51 ",divorced,tertiary,no,yes,cellular,74,3,unknown,no
Ernest  Davis,Female,35,California,White Collar,20.Jun.2017,"$21,432.00 ",married,secondary,yes,no,unknown,601,1,unknown,no
Salvador  Bass,Female,32,California,Other,20.Jun.2017,"$63,055.84 ",married,secondary,yes,no,unknown,1168,2,unknown,no
Cassandra  Franklin,Female,36,California,White Collar,20.Jun.2017,"$14,037.43 ",married,primary,no,no,cellular,277,2,unknown,no
Isabel  Cross,Female,28,California,Blue Collar,20.Jun.2017,"$10,329.48 ",divorced,tertiary,no,yes,cellular,748,3,unknown,no
Bobbie  Ryan,Male,52,Nevada,Blue Collar,20.Jun.2017,"$44,349.27 ",married,secondary,yes,no,unknown,364,1,unknown,no
Felicia  Jennings,Male,42,Nevada,Other,20.Jun.2017,"$97,804.97 ",married,secondary,yes,no,unknown,229,3,unknown,no
Arturo  Francis,Male,58,Nevada,Blue Collar,20.Jun.2017,"$41,608.30 ",married,tertiary,no,no,cellular,43,13,unknown,no
Ruben  Nunez,Male,48,Nevada,Blue Collar,20.Jun.2017,"$7,374.12 ",divorced,unknown,no,no,cellular,177,1,unknown,yes
Lynette  Brewer,Male,40,Nevada,White Collar,20.Jun.2017,"$48,939.30 ",married,tertiary,yes,no,cellular,262,1,success,yes
Bobbie  Ryan,Female,47,Nevada,Other,20.Jun.2017,"$44,001.15 ",married,tertiary,yes,no,cellular,317,1,failure,no
Billie  Chandler,Male,47,Nevada,Other,20.Jun.2017,"$22,522.37 ",married,secondary,no,no,unknown,402,22,unknown,no
Johanna  Boone,Male,62,Nevada,Blue Collar,20.Jun.2017,"$44,355.94 ",married,secondary,no,no,cellular,314,1,unknown,yes
Arturo  Francis,Male,53,Nevada,Blue Collar,20.Jun.2017,"$23,383.63 ",married,secondary,no,no,cellular,109,3,unknown,yes
Shari  Silva,Female,56,Nevada,Other,20.Jun.2017,"$156,921.88 ",married,tertiary,no,no,cellular,56,6,unknown,no
Guillermo  Potter,Female,53,Nevada,White Collar,20.Jun.2017,"$68,153.67 ",single,secondary,yes,no,unknown,169,2,unknown,no
Cassandra  Franklin,Male,50,Nevada,Other,20.Jun.2017,"$3,502.01 ",single,unknown,yes,no,cellular,127,1,unknown,no
Ellen  Weaver,Male,55,Nevada,Blue Collar,20.Jun.2017,"$18,253.87 ",divorced,secondary,no,no,cellular,175,3,unknown,no
Billie  Chandler,Male,36,Wyoming,Blue Collar,20.Jun.2017,"$84,555.34 ",divorced,secondary,no,no,cellular,56,2,unknown,no
Brooke  Horton,Female,40,Wyoming,White Collar,20.Jun.2017,"$36,469.75 ",married,tertiary,no,yes,cellular,123,1,unknown,no
Mable  Lindsey,Male,41,Wyoming,Blue Collar,20.Jun.2017,"$116,409.90 ",married,secondary,no,no,telephone,148,2,unknown,no
Pauline  Beck,Male,33,Wyoming,White Collar,20.Jun.2017,"$74,290.61 ",single,tertiary,no,no,cellular,231,1,unknown,no
Cassandra  Franklin,Male,41,Oregon,White Collar,20.Jun.2017,"$80,125.48 ",divorced,unknown,yes,no,cellular,255,1,unknown,no
Colleen  Warren,Female,22,Oregon,White Collar,20.Jun.2017,"$33,603.28 ",single,tertiary,yes,no,cellular,37,3,unknown,no
Della  Jensen,Male,38,California,Other,21.Jun.2017,"$120,459.94 ",single,secondary,no,no,cellular,106,1,other,no
Shari  Silva,Male,33,California,White Collar,21.Jun.2017,"$89,857.49 ",divorced,unknown,yes,no,unknown,95,1,unknown,no
Robert  Munoz,Female,26,California,Blue Collar,21.Jun.2017,"$35,364.04 ",single,secondary,no,no,unknown,134,2,unknown,no
Brooke  Horton,Female,36,California,White Collar,21.Jun.2017,"$47,228.93 ",single,tertiary,yes,no,cellular,820,2,unknown,no
Drew  Rogers,Female,49,Nevada,Other,21.Jun.2017,"$39,832.63 ",married,secondary,yes,yes,cellular,116,1,failure,no
Patty  Thompson,Male,50,Nevada,Blue Collar,21.Jun.2017,"$57,577.12 ",married,secondary,yes,no,cellular,463,1,unknown,no
Dan  Peterson,Male,56,Nevada,Other,21.Jun.2017,"$81,803.97 ",married,secondary,no,yes,cellular,603,3,unknown,no
Andrew  Meyer,Female,59,Nevada,Blue Collar,21.Jun.2017,"$43,905.27 ",single,secondary,yes,no,unknown,47,5,unknown,no
Brooke  Horton,Male,52,Nevada,Blue Collar,21.Jun.2017,"$46,239.39 ",divorced,primary,no,no,cellular,126,1,unknown,no
Joey  Wong,Female,38,Wyoming,Blue Collar,21.Jun.2017,"$35,326.25 ",single,tertiary,no,no,cellular,421,2,unknown,yes
Lynette  Brewer,Female,42,Wyoming,White Collar,21.Jun.2017,"$91,244.78 ",married,secondary,no,no,unknown,174,8,unknown,no
Max  Rodgers,Male,38,California,White Collar,22.Jun.2017,"$31,548.46 ",married,secondary,yes,yes,cellular,144,1,failure,no
Allan  Ramos,Female,21,California,White Collar,22.Jun.2017,"$132,935.64 ",single,tertiary,no,no,cellular,191,2,unknown,no
Brooke  Horton,Female,32,California,White Collar,22.Jun.2017,"$31,121.18 ",married,primary,no,no,telephone,222,1,unknown,no
Marion  Glover,Male,23,California,White Collar,22.Jun.2017,"$43,222.10 ",married,primary,yes,no,cellular,206,1,failure,yes
Kyle  Carr,Male,32,California,White Collar,23.Jun.2017,"$127,923.09 ",married,secondary,yes,no,cellular,74,1,unknown,no
Andrew  Meyer,Female,25,California,Other,23.Jun.2017,"$128,767.64 ",single,secondary,yes,no,unknown,24,1,unknown,no
Shari  Silva,Male,58,Nevada,Other,23.Jun.2017,"$17,306.49 ",single,secondary,yes,no,cellular,7,11,failure,no
Edwin  Malone,Male,43,Nevada,Blue Collar,23.Jun.2017,"$110,677.70 ",married,primary,yes,no,cellular,493,7,unknown,no
Christina  Fuller,Female,61,Nevada,Other,23.Jun.2017,"$112,238.34 ",single,secondary,no,no,cellular,350,3,unknown,yes
Bobbie  Ryan,Female,43,Nevada,Other,23.Jun.2017,"$41,162.93 ",divorced,secondary,no,no,unknown,250,3,unknown,no
Salvador  Bass,Female,45,Wyoming,White Collar,23.Jun.2017,"$26,495.55 ",married,tertiary,no,no,cellular,86,4,unknown,no
Donna  Reid,Male,28,Wyoming,White Collar,23.Jun.2017,"$42,147.87 ",divorced,tertiary,no,no,cellular,371,1,unknown,no
Max  Rodgers,Male,19,California,White Collar,24.Jun.2017,"$97,750.60 ",divorced,primary,no,no,unknown,419,2,unknown,no
Beth  Tucker,Female,31,California,Other,24.Jun.2017,"$111,064.33 ",divorced,tertiary,yes,no,unknown,2087,2,unknown,yes
Elvira  Bowman,Female,34,California,White Collar,24.Jun.2017,"$160,657.31 ",single,secondary,yes,no,cellular,22,4,unknown,no
Marian  Hill,Female,37,Nevada,Other,24.Jun.2017,"$63,166.55 ",married,secondary,yes,no,unknown,266,1,unknown,no
Shari  Silva,Female,57,Nevada,Other,24.Jun.2017,"$96,446.51 ",divorced,secondary,no,no,cellular,191,1,unknown,no
Felicia  Jennings,Male,56,Nevada,Blue Collar,24.Jun.2017,"$72,695.75 ",married,tertiary,no,no,cellular,222,4,success,yes
Pauline  Beck,Male,56,Nevada,Blue Collar,24.Jun.2017,"$40,981.40 ",divorced,secondary,no,yes,telephone,264,3,unknown,no
Colleen  Warren,Male,42,Nevada,Blue Collar,24.Jun.2017,"$11,286.33 ",divorced,tertiary,yes,no,unknown,184,5,unknown,no
Shari  Silva,Female,39,Oregon,White Collar,24.Jun.2017,"$160,715.09 ",single,secondary,no,yes,cellular,95,3,unknown,no
Sylvester  Morales,Female,34,California,Other,25.Jun.2017,"$60,510.21 ",single,tertiary,no,no,cellular,127,2,unknown,no
Ben  Perez,Male,43,California,Blue Collar,25.Jun.2017,"$120,716.18 ",divorced,primary,no,no,cellular,395,4,unknown,no
Colleen  Warren,Male,33,California,White Collar,25.Jun.2017,"$4,814.51 ",married,tertiary,yes,no,cellular,174,1,unknown,no
Lula  Daniels,Male,43,Nevada,Blue Collar,25.Jun.2017,"$102,313.67 ",married,tertiary,yes,no,cellular,124,1,unknown,yes
Robert  Munoz,Male,33,Wyoming,Blue Collar,25.Jun.2017,"$116,223.09 ",married,primary,yes,no,unknown,102,2,unknown,no
Robert  Munoz,Male,35,Wyoming,Blue Collar,25.Jun.2017,"$84,493.67 ",married,secondary,yes,no,cellular,279,1,unknown,no
Robert  Munoz,Female,29,California,Other,26.Jun.2017,"$121,013.57 ",married,primary,no,no,cellular,76,11,unknown,no
Christy  Olson,Male,34,California,White Collar,26.Jun.2017,"$59,864.18 ",married,secondary,yes,no,cellular,472,2,unknown,no
Sonya  Mullins,Female,44,California,White Collar,26.Jun.2017,"$111,861.57 ",married,secondary,no,no,cellular,84,11,unknown,no
Arturo  Francis,Male,36,California,Other,26.Jun.2017,"$123,546.12 ",single,tertiary,yes,yes,cellular,271,1,failure,no
Elaine  Ellis,Male,60,Nevada,Other,26.Jun.2017,"$51,636.67 ",married,secondary,yes,no,unknown,754,1,unknown,no
Mable  Lindsey,Female,29,Oregon,Other,26.Jun.2017,"$6,575.87 ",single,secondary,no,no,telephone,172,5,failure,no
Ernest  Davis,Female,31,Oregon,Other,26.Jun.2017,"$48,002.01 ",married,secondary,yes,yes,cellular,375,2,unknown,no
Salvador  Bass,Male,29,California,White Collar,27.Jun.2017,"$28,071.07 ",single,tertiary,yes,no,cellular,130,2,unknown,no
Kyle  Carr,Female,32,California,Blue Collar,27.Jun.2017,"$17,929.60 ",single,secondary,yes,no,unknown,303,3,unknown,no
Edwin  Malone,Male,21,California,White Collar,27.Jun.2017,"$61,022.72 ",married,tertiary,yes,no,unknown,261,1,unknown,no
Johanna  Boone,Female,38,California,White Collar,27.Jun.2017,"$73,864.82 ",married,secondary,yes,yes,cellular,229,3,unknown,no
Christina  Fuller,Female,27,California,Blue Collar,27.Jun.2017,"$76,412.37 ",married,tertiary,yes,no,cellular,288,1,unknown,no
Robert  Munoz,Male,47,California,Blue Collar,27.Jun.2017,"$12,850.55 ",married,tertiary,yes,no,cellular,219,3,unknown,no
Lynette  Brewer,Male,33,Wyoming,Blue Collar,27.Jun.2017,"$18,755.63 ",single,secondary,yes,no,unknown,891,4,unknown,yes
Don  Gonzales,Male,31,Wyoming,Blue Collar,27.Jun.2017,"$42,186.48 ",married,tertiary,yes,no,unknown,204,1,unknown,no
Herman  Williams,Female,36,Wyoming,Other,27.Jun.2017,"$66,439.42 ",married,tertiary,no,no,unknown,19,6,unknown,no
Sandra  Floyd,Male,39,California,White Collar,28.Jun.2017,"$30,537.52 ",single,secondary,no,no,cellular,158,2,unknown,no
Drew  Rogers,Male,37,California,Blue Collar,28.Jun.2017,"$33,517.78 ",married,primary,yes,no,unknown,314,1,unknown,no
Shari  Silva,Male,38,California,White Collar,28.Jun.2017,"$38,516.79 ",married,secondary,yes,no,unknown,215,1,unknown,no
Lorraine  Gibson,Male,41,California,White Collar,28.Jun.2017,"$113,250.03 ",married,tertiary,no,no,cellular,169,4,unknown,no
Mable  Lindsey,Male,24,California,White Collar,28.Jun.2017,"$8,775.91 ",married,secondary,yes,no,cellular,101,4,unknown,no
Lula  Daniels,Female,37,California,White Collar,28.Jun.2017,"$46,109.10 ",married,secondary,yes,no,unknown,15,13,unknown,no
Allan  Ramos,Female,33,California,White Collar,28.Jun.2017,"$132,307.63 ",married,secondary,yes,no,unknown,260,5,unknown,no
Salvador  Bass,Female,32,California,White Collar,28.Jun.2017,"$83,499.63 ",married,secondary,yes,no,cellular,558,1,unknown,yes
Trevor  Jones,Male,60,Nevada,Blue Collar,28.Jun.2017,"$100,760.00 ",married,secondary,no,no,unknown,287,4,unknown,no
Ruben  Nunez,Female,55,Nevada,Other,28.Jun.2017,"$44,407.34 ",married,secondary,yes,no,cellular,371,2,unknown,yes
Robert  Munoz,Female,57,Nevada,Blue Collar,28.Jun.2017,"$83,411.57 ",married,secondary,yes,no,cellular,149,1,failure,yes
Johanna  Boone,Male,38,Oregon,White Collar,28.Jun.2017,"$114,922.87 ",married,secondary,yes,yes,unknown,187,1,unknown,yes
Lynette  Brewer,Male,42,California,White Collar,29.Jun.2017,"$91,572.82 ",married,secondary,yes,no,unknown,32,1,unknown,no
Max  Rodgers,Male,36,California,Blue Collar,29.Jun.2017,"$13,956.91 ",married,tertiary,yes,no,unknown,138,1,unknown,no
Cecilia  Manning,Female,40,California,White Collar,29.Jun.2017,"$82,699.36 ",married,secondary,yes,no,unknown,228,2,unknown,no
Cindy  Becker,Female,25,California,White Collar,29.Jun.2017,"$33,727.99 ",married,secondary,no,no,telephone,353,2,unknown,yes
Rachel  Gomez,Female,33,California,Other,29.Jun.2017,"$74,125.52 ",married,secondary,yes,no,unknown,45,2,unknown,no
Trevor  Jones,Male,46,California,White Collar,29.Jun.2017,"$118,504.36 ",single,secondary,no,no,cellular,76,2,unknown,no
Lula  Daniels,Female,38,California,White Collar,29.Jun.2017,"$37,065.10 ",married,secondary,yes,yes,unknown,144,2,unknown,no
Kyle  Carr,Male,58,Nevada,Other,29.Jun.2017,"$61,619.12 ",married,secondary,yes,no,cellular,168,2,unknown,no
Max  Rodgers,Female,48,Nevada,Other,29.Jun.2017,"$9,109.85 ",married,tertiary,yes,no,cellular,140,1,other,no
Lynette  Brewer,Male,41,Nevada,Blue Collar,29.Jun.2017,"$96,664.33 ",single,primary,no,no,unknown,94,1,unknown,no
Andrew  Meyer,Female,46,Wyoming,White Collar,29.Jun.2017,"$82,886.93 ",single,primary,no,no,unknown,118,3,unknown,no
Lula  Daniels,Male,35,Wyoming,Blue Collar,29.Jun.2017,"$200,483.09 ",single,secondary,yes,no,cellular,382,1,unknown,no
Christina  Fuller,Female,27,Oregon,Blue Collar,29.Jun.2017,"$72,322.36 ",married,unknown,no,no,cellular,111,1,unknown,no
Billie  Chandler,Female,40,California,White Collar,30.Jun.2017,"$3,908.40 ",married,secondary,yes,no,cellular,298,2,unknown,no
Sylvester  Morales,Male,41,California,Other,30.Jun.2017,"$91,942.90 ",married,secondary,yes,no,unknown,121,1,unknown,no
Shari  Silva,Male,37,California,White Collar,30.Jun.2017,"$32,921.57 ",married,tertiary,yes,no,unknown,317,7,unknown,no
Dan  Peterson,Female,31,California,White Collar,30.Jun.2017,"$37,081.25 ",married,tertiary,yes,yes,unknown,42,1,unknown,no
Lee  Mack,Male,28,California,White Collar,30.Jun.2017,"$63,179.87 ",single,secondary,no,no,cellular,81,2,unknown,no
Marion  Glover,Male,41,California,White Collar,30.Jun.2017,"$64,906.87 ",divorced,secondary,yes,no,cellular,296,1,failure,yes
Edwin  Malone,Male,45,Nevada,Blue Collar,30.Jun.2017,"$17,259.78 ",divorced,secondary,yes,yes,telephone,259,2,unknown,no
Cassandra  Franklin,Male,49,Nevada,Blue Collar,30.Jun.2017,"$1,634.88 ",single,secondary,yes,no,cellular,121,6,other,no
Brooke  Horton,Male,52,Nevada,Other,30.Jun.2017,"$7,153.07 ",married,secondary,yes,no,cellular,432,3,unknown,no
Shari  Silva,Female,51,Nevada,Other,30.Jun.2017,"$17,774.09 ",married,tertiary,no,no,cellular,126,2,unknown,no
Brooke  Horton,Male,47,Nevada,Blue Collar,30.Jun.2017,"$83,964.58 ",married,tertiary,no,no,cellular,120,4,unknown,no
Don  Gonzales,Female,33,Wyoming,Other,30.Jun.2017,"$27,565.60 ",married,primary,yes,no,cellular,136,1,unknown,no
Ben  Perez,Male,38,Wyoming,White Collar,30.Jun.2017,"$73,072.87 ",married,secondary,yes,no,cellular,1130,3,unknown,no
Ben  Perez,Female,30,California,White Collar,01.Jul.2017,"$76,252.54 ",married,secondary,no,no,cellular,330,2,success,yes
Andrew  Meyer,Male,30,California,White Collar,01.Jul.2017,"$39,419.85 ",married,secondary,yes,no,cellular,305,2,unknown,no
Bobbie  Ryan,Male,47,California,White Collar,01.Jul.2017,"$21,943.79 ",married,secondary,no,no,unknown,332,3,unknown,no
Shari  Silva,Male,48,Nevada,Blue Collar,01.Jul.2017,"$109,354.84 ",married,secondary,yes,no,unknown,412,1,unknown,no
Jaime  Pearson,Male,38,Nevada,Blue Collar,01.Jul.2017,"$40,064.46 ",married,secondary,yes,no,cellular,157,1,unknown,no
Ivan  Adkins,Male,43,California,White Collar,02.Jul.2017,"$52,859.75 ",divorced,secondary,yes,no,cellular,71,2,unknown,no
Cecilia  Manning,Female,40,California,White Collar,02.Jul.2017,"$26,187.12 ",divorced,secondary,yes,no,cellular,297,2,unknown,no
Brooke  Horton,Male,36,California,White Collar,02.Jul.2017,"$79,617.33 ",single,tertiary,no,no,cellular,307,1,unknown,no
Andrew  Meyer,Female,26,California,Other,02.Jul.2017,"$15,005.55 ",married,secondary,no,no,telephone,250,2,success,yes
Brooke  Horton,Female,36,California,White Collar,02.Jul.2017,"$74,203.19 ",single,tertiary,yes,no,cellular,119,1,unknown,no
Felicia  Jennings,Female,51,Nevada,Blue Collar,02.Jul.2017,"$11,302.51 ",married,tertiary,no,no,cellular,116,2,unknown,no
Rachel  Gomez,Female,46,Nevada,Other,02.Jul.2017,"$48,243.63 ",married,primary,no,no,telephone,274,1,unknown,no
Mable  Lindsey,Male,49,Nevada,Other,02.Jul.2017,"$104,165.04 ",married,tertiary,no,no,cellular,389,1,success,yes
Lance  Yates,Male,54,Nevada,Other,02.Jul.2017,"$24,297.27 ",married,secondary,no,no,cellular,143,1,unknown,no
Lynette  Brewer,Female,37,Wyoming,White Collar,02.Jul.2017,"$50,852.66 ",married,secondary,yes,yes,unknown,860,2,unknown,no
Don  Gonzales,Male,42,Wyoming,Other,02.Jul.2017,"$17,325.88 ",married,primary,yes,no,unknown,420,2,unknown,no
Robert  Munoz,Female,30,California,White Collar,03.Jul.2017,"$66,564.99 ",divorced,secondary,yes,no,unknown,213,1,unknown,no
Shari  Silva,Male,51,California,White Collar,03.Jul.2017,"$61,590.07 ",married,tertiary,yes,no,cellular,756,1,unknown,no
Fernando  Rowe,Female,28,California,Blue Collar,03.Jul.2017,"$42,657.90 ",married,secondary,no,no,cellular,259,3,unknown,no
Marion  Glover,Female,35,California,Blue Collar,03.Jul.2017,"$23,098.60 ",married,secondary,yes,no,cellular,201,16,unknown,no
Tiffany  May,Male,57,Nevada,Blue Collar,03.Jul.2017,"$89,680.01 ",single,secondary,yes,yes,unknown,19,9,unknown,no
Brooke  Horton,Male,62,Nevada,Blue Collar,03.Jul.2017,"$82,873.94 ",single,unknown,yes,yes,cellular,53,1,failure,no
Della  Jensen,Male,51,Nevada,White Collar,03.Jul.2017,"$61,338.01 ",married,secondary,yes,no,cellular,224,4,unknown,yes
Della  Jensen,Female,39,Oregon,Other,03.Jul.2017,"$126,089.42 ",married,secondary,yes,no,cellular,57,5,other,no
Tiffany  May,Male,37,California,White Collar,04.Jul.2017,"$22,187.90 ",married,secondary,yes,no,unknown,251,1,unknown,no
Trevor  Jones,Male,37,California,White Collar,04.Jul.2017,"$75,412.66 ",single,tertiary,yes,no,cellular,39,1,failure,no
Cindy  Becker,Female,27,California,Blue Collar,04.Jul.2017,"$41,141.12 ",divorced,tertiary,yes,yes,unknown,54,3,unknown,no
Shari  Silva,Male,32,California,Blue Collar,04.Jul.2017,"$117,479.28 ",married,tertiary,yes,yes,unknown,28,18,unknown,no
Isabel  Cross,Male,48,Nevada,Other,04.Jul.2017,"$60,427.94 ",married,secondary,no,no,cellular,104,1,other,yes
Ruben  Nunez,Male,47,Nevada,Blue Collar,04.Jul.2017,"$88,703.09 ",married,tertiary,no,no,cellular,164,2,failure,yes
Donna  Reid,Male,36,Wyoming,Blue Collar,04.Jul.2017,"$9,652.09 ",single,tertiary,no,no,cellular,268,2,unknown,no
Ernest  Davis,Male,44,Wyoming,Blue Collar,04.Jul.2017,"$55,893.25 ",divorced,secondary,no,yes,cellular,148,1,unknown,no
Cindy  Becker,Female,38,Wyoming,White Collar,04.Jul.2017,"$23,770.03 ",married,secondary,yes,no,unknown,228,3,unknown,no
Marian  Hill,Female,32,Oregon,Other,04.Jul.2017,"$30,523.69 ",married,secondary,no,no,cellular,139,5,unknown,no
Patty  Thompson,Female,41,California,White Collar,05.Jul.2017,"$121,027.70 ",married,primary,no,no,cellular,89,3,unknown,no
Della  Jensen,Female,44,California,White Collar,05.Jul.2017,"$7,509.10 ",married,primary,no,no,cellular,250,2,success,no
Cindy  Becker,Female,41,California,White Collar,05.Jul.2017,"$60,480.88 ",divorced,secondary,yes,no,unknown,106,6,unknown,no
Max  Rodgers,Male,47,Nevada,Blue Collar,05.Jul.2017,"$2,906.37 ",married,secondary,yes,no,cellular,968,1,unknown,yes
Joey  Wong,Female,59,Nevada,Other,05.Jul.2017,"$66,157.63 ",married,secondary,no,yes,cellular,168,3,unknown,no
Ben  Perez,Male,43,Nevada,Blue Collar,05.Jul.2017,"$24,562.27 ",married,tertiary,no,no,cellular,408,14,unknown,no
Bethany  Pena,Male,36,California,Other,06.Jul.2017,"$33,963.55 ",single,tertiary,no,no,cellular,56,4,unknown,no
Blake  Bridges,Male,25,California,Other,06.Jul.2017,"$66,084.52 ",married,primary,no,yes,cellular,55,5,unknown,no
Sylvester  Morales,Female,45,California,White Collar,06.Jul.2017,"$86,263.72 ",single,primary,yes,no,unknown,76,4,unknown,no
Isabel  Cross,Female,35,California,White Collar,06.Jul.2017,"$2,726.66 ",married,primary,no,no,cellular,72,5,unknown,no
Mable  Lindsey,Male,31,California,White Collar,06.Jul.2017,"$106,368.45 ",married,secondary,yes,no,cellular,99,3,unknown,no
Robert  Munoz,Female,30,California,Other,06.Jul.2017,"$4,074.48 ",single,tertiary,yes,no,cellular,13,15,unknown,no
Jenny  Garcia,Female,45,California,Other,06.Jul.2017,"$14,889.45 ",single,tertiary,no,no,cellular,178,1,unknown,no
Christina  Fuller,Female,35,California,Blue Collar,06.Jul.2017,"$9,077.82 ",married,secondary,no,no,unknown,287,1,unknown,no
Ivan  Adkins,Male,36,California,Other,06.Jul.2017,"$132,016.15 ",married,tertiary,yes,no,cellular,141,1,other,no
Drew  Rogers,Female,24,California,Blue Collar,06.Jul.2017,"$115,691.18 ",divorced,tertiary,no,no,cellular,127,1,failure,no
Patty  Thompson,Male,48,Nevada,White Collar,06.Jul.2017,"$98,514.06 ",single,secondary,no,no,cellular,69,2,unknown,no
Bethany  Pena,Male,48,Nevada,Other,06.Jul.2017,"$115,419.55 ",married,primary,yes,no,unknown,763,4,unknown,no
Brooke  Horton,Male,56,Nevada,Blue Collar,06.Jul.2017,"$5,246.81 ",married,tertiary,no,no,cellular,122,1,failure,no
Jenny  Garcia,Male,60,Nevada,Other,06.Jul.2017,"$32,935.28 ",married,tertiary,yes,no,cellular,143,1,unknown,no
Billie  Chandler,Male,42,Nevada,Other,06.Jul.2017,"$42,799.60 ",married,tertiary,yes,no,cellular,316,3,unknown,no
Bethany  Pena,Male,44,Wyoming,Blue Collar,06.Jul.2017,"$12,483.66 ",married,unknown,no,no,telephone,89,2,unknown,no
Pauline  Beck,Female,33,Wyoming,Blue Collar,06.Jul.2017,"$22,680.13 ",single,primary,yes,no,cellular,151,1,failure,no
Johanna  Boone,Female,29,California,Blue Collar,07.Jul.2017,"$83,163.25 ",married,tertiary,no,no,cellular,40,1,unknown,no
Bernadette  Page,Male,33,California,White Collar,07.Jul.2017,"$143,847.97 ",married,secondary,no,yes,unknown,5,1,failure,no
Allan  Ramos,Male,27,California,White Collar,07.Jul.2017,"$67,722.24 ",single,secondary,yes,no,cellular,90,1,unknown,no
Brooke  Horton,Female,33,California,White Collar,07.Jul.2017,"$54,364.51 ",single,tertiary,no,no,cellular,50,1,other,no
Bethany  Pena,Male,35,California,White Collar,07.Jul.2017,"$98,689.40 ",married,secondary,no,no,cellular,159,2,failure,yes
Tracy  Reed,Female,26,California,White Collar,07.Jul.2017,"$32,817.58 ",divorced,primary,no,yes,cellular,369,6,unknown,no
Ben  Perez,Female,33,California,White Collar,07.Jul.2017,"$125,467.19 ",married,secondary,no,no,cellular,344,2,other,yes
Rachel  Gomez,Female,42,California,Other,07.Jul.2017,"$160,246.31 ",married,secondary,yes,no,cellular,256,2,failure,no
Dan  Peterson,Male,33,California,White Collar,07.Jul.2017,"$89,386.58 ",single,secondary,no,no,cellular,298,1,unknown,no
Ernest  Davis,Male,48,Nevada,Blue Collar,07.Jul.2017,"$53,986.33 ",divorced,secondary,no,yes,cellular,268,3,unknown,no
Allan  Ramos,Male,58,Nevada,Blue Collar,07.Jul.2017,"$26,794.36 ",married,secondary,yes,no,cellular,231,1,unknown,no
Christina  Fuller,Female,42,Nevada,Other,07.Jul.2017,"$93,805.72 ",married,tertiary,yes,no,unknown,4,4,unknown,no
Cecilia  Manning,Male,61,Nevada,Other,07.Jul.2017,"$61,177.01 ",single,tertiary,yes,no,cellular,78,5,failure,no
Ivan  Adkins,Male,35,Wyoming,Blue Collar,07.Jul.2017,"$67,522.13 ",married,secondary,no,no,unknown,419,1,unknown,no
Sandra  Floyd,Male,38,Wyoming,White Collar,07.Jul.2017,"$37,260.33 ",single,tertiary,yes,no,telephone,421,3,unknown,no
Iris  Underwood,Female,29,California,White Collar,08.Jul.2017,"$37,516.69 ",married,secondary,no,yes,cellular,105,1,unknown,no
Edwin  Malone,Male,39,California,Other,08.Jul.2017,"$54,724.94 ",married,tertiary,no,no,unknown,42,1,unknown,no
Christina  Fuller,Female,43,California,White Collar,08.Jul.2017,"$16,356.12 ",married,tertiary,no,no,cellular,114,7,failure,no
Woodrow  Colon,Male,35,California,White Collar,08.Jul.2017,"$170,320.81 ",married,tertiary,no,no,cellular,286,2,unknown,no
Edwin  Malone,Male,31,California,White Collar,08.Jul.2017,"$76,711.18 ",married,unknown,no,no,cellular,238,1,success,yes
Shari  Silva,Female,49,California,White Collar,08.Jul.2017,"$101,530.07 ",divorced,secondary,yes,no,unknown,91,1,unknown,no
Joey  Wong,Male,33,Nevada,Blue Collar,08.Jul.2017,"$6,571.33 ",married,secondary,no,no,cellular,766,3,unknown,no
Christy  Olson,Male,46,Nevada,Blue Collar,08.Jul.2017,"$85,080.84 ",single,unknown,no,no,cellular,92,1,unknown,no
Patty  Thompson,Male,44,Nevada,White Collar,08.Jul.2017,"$123,804.55 ",divorced,secondary,no,no,cellular,211,3,unknown,no
Isabel  Cross,Male,36,Wyoming,White Collar,08.Jul.2017,"$82,658.69 ",single,tertiary,yes,no,cellular,160,2,failure,no
Isabel  Cross,Female,32,Wyoming,White Collar,08.Jul.2017,"$57,766.46 ",married,tertiary,no,no,cellular,166,3,unknown,no
Arturo  Francis,Male,33,California,White Collar,09.Jul.2017,"$113,881.31 ",single,secondary,yes,no,cellular,195,1,unknown,no
Willie  Vega,Male,22,California,White Collar,09.Jul.2017,"$21,316.15 ",divorced,tertiary,yes,yes,cellular,106,1,unknown,no
Robert  Munoz,Female,36,California,White Collar,09.Jul.2017,"$4,638.16 ",single,secondary,yes,yes,cellular,85,3,unknown,no
Rachel  Gomez,Female,46,California,White Collar,09.Jul.2017,"$50,415.55 ",married,primary,no,no,cellular,78,1,unknown,no
Rachel  Gomez,Female,38,Nevada,Other,09.Jul.2017,"$152,637.97 ",married,tertiary,yes,yes,unknown,648,1,unknown,yes
Johanna  Boone,Female,57,Nevada,White Collar,09.Jul.2017,"$125,359.85 ",single,secondary,yes,no,cellular,177,2,other,no
Isabel  Cross,Female,46,Nevada,Other,09.Jul.2017,"$36,844.63 ",married,secondary,yes,no,unknown,32,1,unknown,no
Ernest  Davis,Female,42,Wyoming,Other,09.Jul.2017,"$42,559.97 ",divorced,secondary,no,no,cellular,24,12,unknown,no
Drew  Rogers,Male,31,Oregon,White Collar,09.Jul.2017,"$14,150.79 ",divorced,primary,yes,no,unknown,688,2,unknown,no
Jaime  Pearson,Male,27,California,Other,10.Jul.2017,"$24,794.66 ",single,tertiary,yes,no,unknown,21,5,unknown,no
Andrew  Meyer,Female,35,California,White Collar,10.Jul.2017,"$96,651.54 ",married,secondary,yes,no,unknown,112,1,unknown,no
Jenny  Garcia,Female,34,California,Other,10.Jul.2017,"$32,830.54 ",divorced,tertiary,no,no,cellular,593,1,unknown,yes
Cassandra  Franklin,Male,43,California,White Collar,10.Jul.2017,"$83,563.58 ",married,primary,yes,yes,cellular,59,2,unknown,no
Guillermo  Potter,Male,32,California,Blue Collar,10.Jul.2017,"$136,826.22 ",married,tertiary,yes,no,cellular,121,3,unknown,no
Brooke  Horton,Female,46,Nevada,Other,10.Jul.2017,"$5,034.87 ",married,primary,yes,no,telephone,97,2,unknown,no
Salvador  Bass,Male,50,Nevada,Blue Collar,10.Jul.2017,"$101,138.78 ",married,tertiary,no,no,cellular,86,2,unknown,no
Brooke  Horton,Male,60,Nevada,Blue Collar,10.Jul.2017,"$52,360.03 ",married,secondary,yes,yes,cellular,10,10,unknown,no
Isabel  Cross,Male,31,Nevada,Blue Collar,10.Jul.2017,"$28,929.69 ",single,tertiary,no,no,cellular,205,3,unknown,no
Ellen  Weaver,Female,60,Nevada,Blue Collar,10.Jul.2017,"$8,829.78 ",married,secondary,no,no,unknown,77,2,unknown,no
Jenny  Garcia,Female,44,Wyoming,White Collar,10.Jul.2017,"$101,768.16 ",divorced,secondary,yes,no,cellular,138,2,unknown,no
Salvador  Bass,Male,41,California,White Collar,11.Jul.2017,"$119,751.49 ",married,secondary,no,no,cellular,289,1,unknown,yes
Della  Jensen,Male,47,California,White Collar,11.Jul.2017,"$54,466.72 ",married,secondary,no,no,cellular,86,4,unknown,no
Brooke  Horton,Female,32,California,White Collar,11.Jul.2017,"$53,562.85 ",divorced,tertiary,yes,no,telephone,9,3,unknown,no
Colleen  Warren,Male,40,California,Blue Collar,11.Jul.2017,"$92,861.72 ",married,secondary,no,yes,cellular,225,1,failure,no
Sylvester  Morales,Female,45,California,White Collar,11.Jul.2017,"$41,723.28 ",single,tertiary,no,no,cellular,407,4,unknown,no
Donna  Reid,Female,40,California,White Collar,11.Jul.2017,"$32,752.66 ",married,secondary,yes,yes,unknown,1030,6,unknown,no
Salvador  Bass,Female,35,California,White Collar,11.Jul.2017,"$32,100.22 ",married,unknown,no,no,cellular,123,2,unknown,no
Don  Gonzales,Male,32,California,White Collar,11.Jul.2017,"$9,658.07 ",single,tertiary,no,no,cellular,119,4,unknown,no
Ivan  Adkins,Male,41,Nevada,Blue Collar,11.Jul.2017,"$2,512.61 ",single,tertiary,yes,no,cellular,175,1,failure,no
Donna  Reid,Female,49,Nevada,Other,11.Jul.2017,"$110,246.31 ",divorced,secondary,no,no,unknown,299,5,unknown,no
Kyle  Carr,Male,47,Nevada,Blue Collar,11.Jul.2017,"$93,702.46 ",single,tertiary,no,no,cellular,563,1,unknown,no
Della  Jensen,Male,52,Nevada,Blue Collar,11.Jul.2017,"$35,228.46 ",married,secondary,yes,yes,unknown,241,1,unknown,no
Patty  Thompson,Male,43,Nevada,Blue Collar,11.Jul.2017,"$28,686.99 ",married,secondary,yes,no,cellular,52,4,other,no
Brooke  Horton,Male,35,Wyoming,White Collar,11.Jul.2017,"$54,584.70 ",single,tertiary,no,no,cellular,76,3,unknown,no
Peter  Hodges,Male,36,California,White Collar,12.Jul.2017,"$57,962.72 ",married,secondary,yes,yes,cellular,441,1,unknown,no
Trevor  Jones,Male,35,California,Other,12.Jul.2017,"$58,847.07 ",single,tertiary,no,no,cellular,319,1,success,yes
Max  Rodgers,Female,55,California,White Collar,12.Jul.2017,"$32,982.99 ",married,secondary,yes,no,unknown,13,1,success,no
Shari  Silva,Male,34,California,Blue Collar,12.Jul.2017,"$85,815.37 ",married,tertiary,yes,no,unknown,803,1,unknown,yes
Tiffany  May,Female,36,California,White Collar,12.Jul.2017,"$70,778.45 ",married,secondary,no,no,cellular,396,2,unknown,no
Drew  Rogers,Male,41,California,White Collar,12.Jul.2017,"$61,956.52 ",married,tertiary,no,no,unknown,188,1,unknown,no
Shari  Silva,Male,30,California,Other,12.Jul.2017,"$5,634.51 ",single,secondary,no,no,cellular,637,1,unknown,no
Edwin  Malone,Female,32,California,White Collar,12.Jul.2017,"$104,960.46 ",married,secondary,yes,no,unknown,175,7,unknown,no
Drew  Rogers,Female,33,California,White Collar,12.Jul.2017,"$101,745.09 ",single,secondary,yes,no,cellular,945,1,success,no
Robert  Munoz,Male,35,California,White Collar,12.Jul.2017,"$27,148.49 ",married,tertiary,yes,no,unknown,162,3,unknown,no
Elbert  Klein,Female,32,California,White Collar,12.Jul.2017,"$19,551.45 ",married,primary,no,no,unknown,1178,3,unknown,no
Guillermo  Potter,Male,28,California,White Collar,12.Jul.2017,"$140,804.16 ",married,tertiary,yes,no,cellular,506,2,failure,no
Isabel  Cross,Male,22,California,Blue Collar,12.Jul.2017,"$36,714.72 ",single,tertiary,no,no,cellular,409,2,unknown,yes
Sonya  Mullins,Male,43,Nevada,Other,12.Jul.2017,"$83,519.93 ",divorced,secondary,yes,no,cellular,116,3,unknown,no
Isabel  Cross,Female,51,Nevada,Other,12.Jul.2017,"$65,601.55 ",married,tertiary,no,no,cellular,244,1,unknown,yes
Willie  Vega,Female,46,Nevada,Blue Collar,12.Jul.2017,"$25,365.67 ",married,tertiary,yes,no,cellular,352,4,unknown,yes
Tiffany  May,Male,24,Nevada,Other,12.Jul.2017,"$65,641.72 ",married,secondary,no,no,cellular,152,1,success,yes
Nellie  Joseph,Male,41,Nevada,Blue Collar,12.Jul.2017,"$37,741.96 ",married,tertiary,yes,no,unknown,164,2,unknown,no
Max  Rodgers,Female,44,Wyoming,White Collar,12.Jul.2017,"$44,188.85 ",married,secondary,yes,no,unknown,234,3,unknown,no
Iris  Underwood,Female,29,Wyoming,White Collar,12.Jul.2017,"$65,761.04 ",married,secondary,no,no,cellular,154,4,unknown,no
Fernando  Rowe,Female,26,Wyoming,White Collar,12.Jul.2017,"$56,462.21 ",married,secondary,yes,no,unknown,566,2,unknown,no
Ben  Perez,Male,42,Oregon,White Collar,12.Jul.2017,"$35,789.55 ",married,tertiary,no,no,cellular,327,2,success,no
Ivan  Adkins,Female,34,California,Other,13.Jul.2017,"$22,335.70 ",married,secondary,yes,no,cellular,265,3,unknown,no
Sylvester  Morales,Female,32,California,Other,13.Jul.2017,"$113,740.60 ",married,primary,no,no,unknown,172,1,unknown,no
Shari  Silva,Male,26,California,White Collar,13.Jul.2017,"$21,670.54 ",single,secondary,no,no,cellular,257,2,unknown,no
Elaine  Ellis,Male,23,California,White Collar,13.Jul.2017,"$128,305.67 ",divorced,tertiary,no,no,unknown,618,1,unknown,yes
Shari  Silva,Female,28,California,Other,13.Jul.2017,"$52,315.03 ",married,secondary,yes,no,cellular,241,3,unknown,no
Brooke  Horton,Female,22,California,White Collar,13.Jul.2017,"$42,072.24 ",single,secondary,no,yes,cellular,936,4,unknown,no
Trevor  Jones,Male,18,California,White Collar,13.Jul.2017,"$84,287.34 ",single,secondary,yes,no,cellular,329,1,failure,no
Marion  Glover,Male,32,California,White Collar,13.Jul.2017,"$9,073.88 ",married,secondary,yes,no,cellular,24,1,failure,no
Eddie  Green,Female,37,California,White Collar,13.Jul.2017,"$3,457.34 ",married,tertiary,no,no,cellular,177,5,failure,no
Lee  Mack,Female,42,California,Blue Collar,13.Jul.2017,"$38,371.72 ",married,primary,no,no,telephone,120,1,unknown,no
Jenny  Garcia,Male,55,Nevada,Other,13.Jul.2017,"$31,066.78 ",married,tertiary,no,no,telephone,135,3,unknown,no
Jaime  Pearson,Male,48,Nevada,Blue Collar,13.Jul.2017,"$58,733.18 ",divorced,secondary,no,no,cellular,175,1,unknown,no
Ellen  Weaver,Male,55,Nevada,White Collar,13.Jul.2017,"$41,391.04 ",single,tertiary,yes,no,cellular,179,1,unknown,no
Lance  Yates,Male,48,Nevada,Other,13.Jul.2017,"$109,549.52 ",married,secondary,yes,no,unknown,58,1,unknown,no
Fernando  Rowe,Male,52,Nevada,Blue Collar,13.Jul.2017,"$139,680.07 ",married,secondary,no,no,cellular,342,2,unknown,no
Salvador  Bass,Male,43,Wyoming,White Collar,13.Jul.2017,"$85,361.64 ",divorced,secondary,yes,no,cellular,139,2,unknown,no
Beth  Tucker,Female,42,Wyoming,White Collar,13.Jul.2017,"$6,342.37 ",married,primary,yes,no,unknown,88,8,unknown,no
Cassandra  Franklin,Female,42,Wyoming,White Collar,13.Jul.2017,"$97,197.12 ",married,tertiary,yes,yes,cellular,210,3,unknown,no
Brooke  Horton,Male,30,California,Blue Collar,14.Jul.2017,"$14,097.67 ",married,unknown,no,no,cellular,731,1,failure,no
Beth  Tucker,Male,35,California,Blue Collar,14.Jul.2017,"$58,274.54 ",married,tertiary,no,no,cellular,670,3,unknown,yes
Christina  Fuller,Female,34,California,Other,14.Jul.2017,"$94,153.55 ",married,primary,yes,no,unknown,63,5,unknown,no
Felicia  Jennings,Male,18,California,Blue Collar,14.Jul.2017,"$60,553.84 ",married,tertiary,no,yes,cellular,70,2,unknown,no
Robert  Munoz,Male,30,California,White Collar,14.Jul.2017,"$29,259.07 ",single,secondary,no,yes,cellular,72,6,failure,no
Christina  Fuller,Female,40,California,White Collar,14.Jul.2017,"$1,050.51 ",divorced,secondary,yes,no,cellular,241,1,failure,no
Jaime  Pearson,Male,39,California,White Collar,14.Jul.2017,"$157,786.64 ",single,secondary,no,no,cellular,272,4,unknown,no
Isabel  Cross,Male,33,California,Other,14.Jul.2017,"$23,372.99 ",single,tertiary,no,no,cellular,207,8,failure,yes
Bethany  Pena,Female,58,Nevada,Other,14.Jul.2017,"$103,024.82 ",married,secondary,yes,no,cellular,64,6,unknown,no
Andrew  Meyer,Male,56,Nevada,Blue Collar,14.Jul.2017,"$5,340.25 ",married,secondary,no,no,unknown,543,2,unknown,no
Shari  Silva,Female,29,Wyoming,White Collar,14.Jul.2017,"$148,165.66 ",single,secondary,no,no,cellular,166,1,unknown,no
Cassandra  Franklin,Male,48,Wyoming,Other,14.Jul.2017,"$70,772.51 ",single,tertiary,no,no,cellular,245,3,success,no
Trevor  Jones,Male,42,Wyoming,Other,14.Jul.2017,"$12,091.78 ",married,primary,yes,yes,unknown,94,1,unknown,no
Felicia  Jennings,Female,34,Oregon,Other,14.Jul.2017,"$30,958.16 ",married,unknown,no,no,unknown,34,8,unknown,no
Drew  Rogers,Male,45,California,White Collar,15.Jul.2017,"$41,180.19 ",married,primary,no,no,telephone,203,2,unknown,no
Rachel  Gomez,Female,18,California,Blue Collar,15.Jul.2017,"$30,430.37 ",married,tertiary,no,no,cellular,318,1,unknown,no
Eddie  Green,Female,38,California,White Collar,15.Jul.2017,"$37,337.03 ",married,secondary,yes,no,cellular,158,4,unknown,no
Woodrow  Colon,Female,31,California,White Collar,15.Jul.2017,"$7,357.96 ",single,secondary,no,yes,cellular,177,1,unknown,no
Shari  Silva,Female,28,California,Other,15.Jul.2017,"$159,622.22 ",divorced,tertiary,yes,yes,unknown,56,1,other,no
Cassandra  Franklin,Male,34,California,White Collar,15.Jul.2017,"$1,370.31 ",single,secondary,yes,no,unknown,172,2,unknown,no
Cassandra  Franklin,Female,32,California,Blue Collar,15.Jul.2017,"$64,131.01 ",married,secondary,yes,no,cellular,136,1,failure,no
Salvador  Bass,Female,42,California,Blue Collar,15.Jul.2017,"$16,133.76 ",divorced,secondary,yes,yes,cellular,82,3,other,no
Isabel  Cross,Male,29,California,White Collar,15.Jul.2017,"$23,223.55 ",single,secondary,yes,no,unknown,123,1,unknown,no
Eric  Rose,Male,47,Nevada,Other,15.Jul.2017,"$95,572.88 ",married,secondary,yes,no,cellular,110,1,unknown,no
Robert  Munoz,Male,49,Nevada,Blue Collar,15.Jul.2017,"$54,662.46 ",single,primary,yes,no,unknown,385,5,unknown,no
Rachel  Gomez,Female,43,Nevada,Other,15.Jul.2017,"$11,447.18 ",divorced,secondary,no,no,cellular,415,7,unknown,yes
Ben  Perez,Female,63,Nevada,Blue Collar,15.Jul.2017,"$42,379.84 ",divorced,secondary,yes,no,cellular,73,1,unknown,no
Blake  Bridges,Male,33,Wyoming,Other,15.Jul.2017,"$91,626.16 ",single,secondary,yes,no,unknown,243,2,unknown,no
Shari  Silva,Female,17,Oregon,Other,15.Jul.2017,"$19,851.40 ",married,secondary,yes,no,unknown,137,2,unknown,no
Jaime  Pearson,Female,33,California,White Collar,16.Jul.2017,"$62,270.99 ",married,tertiary,yes,no,unknown,55,4,unknown,no
Max  Rodgers,Female,42,California,Blue Collar,16.Jul.2017,"$77,291.16 ",married,secondary,yes,yes,cellular,18,5,unknown,no
Joey  Wong,Male,39,California,Blue Collar,16.Jul.2017,"$136,187.25 ",single,secondary,no,yes,cellular,255,2,unknown,no
Elaine  Ellis,Male,34,California,Other,16.Jul.2017,"$65,901.79 ",married,primary,yes,no,cellular,95,1,unknown,no
Brooke  Horton,Female,24,California,White Collar,16.Jul.2017,"$40,339.16 ",married,primary,yes,yes,cellular,112,1,unknown,no
Shari  Silva,Male,34,California,White Collar,16.Jul.2017,"$88,300.36 ",single,secondary,yes,yes,cellular,205,2,unknown,no
Austin  Reynolds,Female,49,California,Blue Collar,16.Jul.2017,"$54,168.85 ",married,secondary,yes,no,cellular,97,1,failure,no
Brooke  Horton,Female,38,California,White Collar,16.Jul.2017,"$51,319.90 ",single,unknown,no,no,cellular,154,1,unknown,no
Allan  Ramos,Female,41,California,White Collar,16.Jul.2017,"$87,585.15 ",married,primary,yes,no,cellular,135,2,failure,no
Felicia  Jennings,Male,31,California,White Collar,16.Jul.2017,"$41,509.73 ",married,primary,no,no,cellular,230,1,unknown,no
Charlie  Wood,Female,59,Nevada,Other,16.Jul.2017,"$59,615.97 ",single,tertiary,yes,yes,cellular,349,1,unknown,no
Jenny  Garcia,Female,62,Nevada,Other,16.Jul.2017,"$35,191.00 ",single,secondary,yes,no,cellular,38,1,unknown,no
Isabel  Cross,Female,44,Nevada,Other,16.Jul.2017,"$38,344.79 ",married,tertiary,yes,no,cellular,268,1,unknown,no
Ellen  Weaver,Female,40,California,Other,17.Jul.2017,"$36,124.31 ",married,tertiary,yes,no,cellular,94,4,unknown,no
Cindy  Becker,Female,31,California,Other,17.Jul.2017,"$37,335.88 ",married,secondary,yes,no,cellular,263,2,unknown,no
Isabel  Cross,Male,19,California,White Collar,17.Jul.2017,"$19,349.16 ",married,primary,no,no,cellular,671,4,unknown,yes
Allan  Ramos,Male,45,Nevada,Blue Collar,17.Jul.2017,"$65,272.42 ",divorced,secondary,yes,yes,unknown,197,1,unknown,no
Paulette  Spencer,Male,34,Nevada,Blue Collar,17.Jul.2017,"$15,385.63 ",married,secondary,yes,no,cellular,180,2,unknown,no
Felicia  Jennings,Female,55,Nevada,Other,17.Jul.2017,"$16,025.78 ",married,secondary,no,no,cellular,452,2,unknown,no
Johanna  Boone,Female,36,Wyoming,White Collar,17.Jul.2017,"$13,978.48 ",married,secondary,yes,no,unknown,352,1,unknown,no
Ellen  Weaver,Female,39,Wyoming,White Collar,17.Jul.2017,"$47,427.70 ",divorced,primary,no,no,cellular,175,4,unknown,no
Drew  Rogers,Male,50,Wyoming,White Collar,17.Jul.2017,"$11,487.03 ",married,secondary,yes,yes,cellular,163,2,unknown,no
Charlie  Wood,Male,33,California,White Collar,18.Jul.2017,"$182,092.18 ",divorced,secondary,yes,no,unknown,200,2,unknown,no
Isabel  Cross,Female,29,California,White Collar,18.Jul.2017,"$23,963.84 ",married,primary,no,yes,unknown,75,7,unknown,no
Robert  Munoz,Male,49,Nevada,Blue Collar,18.Jul.2017,"$42,463.09 ",married,secondary,yes,no,cellular,227,1,unknown,no
Salvador  Bass,Male,52,Nevada,Blue Collar,18.Jul.2017,"$6,112.63 ",single,secondary,yes,no,cellular,586,3,unknown,no
Cecilia  Manning,Male,40,Nevada,Blue Collar,18.Jul.2017,"$36,784.15 ",single,secondary,no,yes,cellular,119,5,unknown,no
Lance  Yates,Female,29,Wyoming,White Collar,18.Jul.2017,"$107,858.79 ",married,primary,yes,yes,telephone,80,2,unknown,no
Cecilia  Manning,Male,37,Wyoming,White Collar,18.Jul.2017,"$98,662.79 ",married,primary,yes,yes,cellular,112,2,other,no
Jaime  Pearson,Male,30,Wyoming,Blue Collar,18.Jul.2017,"$102,876.09 ",married,secondary,yes,no,unknown,130,2,unknown,no
Billie  Chandler,Female,40,California,Blue Collar,19.Jul.2017,"$46,922.49 ",married,primary,yes,no,cellular,237,3,unknown,no
Jenny  Garcia,Male,39,California,White Collar,19.Jul.2017,"$22,697.69 ",married,tertiary,no,no,cellular,377,8,unknown,no
Drew  Rogers,Male,37,California,White Collar,19.Jul.2017,"$48,611.43 ",married,unknown,no,no,cellular,335,1,unknown,yes
Fernando  Rowe,Female,37,California,Blue Collar,19.Jul.2017,"$63,361.39 ",married,secondary,yes,no,cellular,121,3,unknown,no
Isabel  Cross,Female,26,California,White Collar,19.Jul.2017,"$37,842.15 ",married,secondary,no,no,cellular,127,5,unknown,no
Donna  Reid,Male,34,California,Other,19.Jul.2017,"$166,861.72 ",single,secondary,no,no,unknown,650,2,unknown,yes
Sonya  Mullins,Female,28,Nevada,Other,19.Jul.2017,"$78,527.88 ",married,secondary,yes,no,unknown,107,1,unknown,no
Elaine  Ellis,Female,45,Nevada,Other,19.Jul.2017,"$42,135.69 ",married,secondary,yes,no,unknown,610,2,unknown,no
Isabel  Cross,Male,61,Nevada,Other,19.Jul.2017,"$157,243.33 ",divorced,secondary,no,no,cellular,124,4,unknown,no
Allan  Ramos,Male,37,California,White Collar,20.Jul.2017,"$51,918.13 ",divorced,secondary,yes,no,unknown,216,1,unknown,no
Max  Rodgers,Male,34,California,White Collar,20.Jul.2017,"$30,787.52 ",divorced,primary,yes,yes,cellular,747,4,unknown,no
Eddie  Green,Male,38,California,White Collar,20.Jul.2017,"$44,296.30 ",married,secondary,yes,no,cellular,313,1,other,no
Rachel  Gomez,Female,35,California,White Collar,20.Jul.2017,"$43,243.42 ",divorced,tertiary,no,no,cellular,252,9,other,yes
Sylvester  Morales,Male,40,California,Blue Collar,20.Jul.2017,"$3,776.15 ",divorced,secondary,no,no,cellular,121,1,unknown,yes
Cassandra  Franklin,Female,35,California,Blue Collar,20.Jul.2017,"$132,644.85 ",married,secondary,yes,no,unknown,799,1,unknown,no
Ivan  Adkins,Male,53,California,Other,20.Jul.2017,"$18,975.27 ",married,tertiary,yes,no,cellular,883,1,failure,no
Bobbie  Ryan,Male,36,California,White Collar,20.Jul.2017,"$24,344.81 ",single,tertiary,yes,no,unknown,197,1,unknown,no
Cassandra  Franklin,Male,44,Nevada,White Collar,20.Jul.2017,$360.45 ,married,primary,yes,no,cellular,271,2,unknown,no
Billie  Chandler,Male,48,Nevada,Blue Collar,20.Jul.2017,"$8,544.73 ",married,primary,no,no,unknown,221,2,unknown,no
Pauline  Beck,Male,41,Wyoming,White Collar,20.Jul.2017,"$130,275.63 ",married,secondary,no,yes,cellular,243,3,unknown,no
Drew  Rogers,Female,32,Wyoming,White Collar,20.Jul.2017,"$107,817.85 ",married,primary,yes,no,unknown,72,1,unknown,no
Bobbie  Ryan,Male,37,Wyoming,White Collar,20.Jul.2017,"$43,071.63 ",married,secondary,yes,no,cellular,155,2,unknown,no
Iris  Underwood,Female,33,California,White Collar,21.Jul.2017,"$35,633.87 ",single,tertiary,yes,no,telephone,70,2,unknown,no
Eddie  Green,Female,33,California,White Collar,21.Jul.2017,"$25,173.69 ",married,tertiary,yes,no,cellular,280,4,unknown,yes
Max  Rodgers,Male,43,California,White Collar,21.Jul.2017,"$101,659.81 ",married,secondary,yes,no,unknown,115,2,unknown,no
Jenny  Garcia,Male,41,California,White Collar,21.Jul.2017,"$19,010.21 ",married,primary,no,no,unknown,29,2,unknown,no
Lance  Yates,Male,27,California,White Collar,21.Jul.2017,"$10,186.27 ",married,primary,yes,no,cellular,406,2,unknown,no
Pauline  Beck,Male,43,California,White Collar,21.Jul.2017,"$43,789.22 ",divorced,secondary,yes,yes,cellular,113,3,unknown,no
Brooke  Horton,Female,31,California,White Collar,21.Jul.2017,"$1,984.04 ",married,secondary,no,no,telephone,47,2,unknown,no
Tiffany  May,Female,36,California,Other,21.Jul.2017,"$9,361.19 ",divorced,tertiary,no,no,unknown,36,2,unknown,no
Edwin  Malone,Female,45,Nevada,Other,21.Jul.2017,"$15,862.27 ",married,unknown,yes,no,unknown,135,2,unknown,no
Mable  Lindsey,Male,50,Nevada,White Collar,21.Jul.2017,"$14,333.45 ",single,tertiary,no,no,cellular,67,2,unknown,no
Salvador  Bass,Male,32,Oregon,Other,21.Jul.2017,"$16,860.00 ",married,secondary,no,no,unknown,684,1,unknown,no
Cindy  Becker,Male,37,California,White Collar,22.Jul.2017,"$25,782.61 ",single,tertiary,no,no,cellular,686,5,unknown,yes
Ernest  Davis,Male,43,California,White Collar,22.Jul.2017,"$17,719.75 ",single,secondary,yes,no,cellular,170,3,unknown,no
Brooke  Horton,Male,35,California,Other,22.Jul.2017,"$107,404.16 ",married,secondary,no,no,unknown,150,3,unknown,no
Brooke  Horton,Female,35,California,White Collar,22.Jul.2017,"$21,081.96 ",divorced,secondary,no,no,cellular,1060,2,unknown,yes
Drew  Rogers,Female,32,California,White Collar,22.Jul.2017,"$26,439.85 ",single,tertiary,yes,no,unknown,122,16,unknown,no
Sandra  Floyd,Male,40,California,White Collar,22.Jul.2017,"$26,291.45 ",married,secondary,yes,no,unknown,724,1,unknown,no
Tiffany  May,Female,41,California,Blue Collar,22.Jul.2017,"$50,646.61 ",married,unknown,no,no,cellular,230,1,success,yes
Bethany  Pena,Male,34,California,Blue Collar,22.Jul.2017,"$163,133.94 ",married,tertiary,no,no,unknown,187,2,unknown,no
Robert  Munoz,Female,33,California,Blue Collar,22.Jul.2017,"$48,383.79 ",married,primary,yes,yes,unknown,179,4,unknown,no
Drew  Rogers,Female,31,California,White Collar,22.Jul.2017,"$273,830.91 ",married,secondary,no,yes,cellular,357,3,unknown,no
Max  Rodgers,Female,51,California,White Collar,22.Jul.2017,"$87,544.42 ",married,secondary,no,no,unknown,82,1,unknown,no
Elvira  Bowman,Male,35,California,White Collar,22.Jul.2017,"$186,589.30 ",married,tertiary,no,no,telephone,176,15,unknown,no
Iris  Underwood,Male,30,California,White Collar,22.Jul.2017,"$31,363.49 ",married,secondary,yes,no,cellular,424,1,failure,no
Drew  Rogers,Female,39,California,Blue Collar,22.Jul.2017,"$95,509.12 ",married,unknown,no,no,unknown,115,1,unknown,no
Shari  Silva,Female,38,California,White Collar,22.Jul.2017,"$27,728.34 ",married,secondary,yes,no,cellular,177,2,failure,no
Paulette  Spencer,Male,27,California,Blue Collar,22.Jul.2017,"$38,095.12 ",married,secondary,no,no,telephone,712,1,failure,yes
Max  Rodgers,Male,32,California,White Collar,22.Jul.2017,"$6,397.97 ",single,tertiary,yes,no,unknown,118,1,unknown,no
Rachel  Gomez,Female,28,California,White Collar,22.Jul.2017,"$46,367.09 ",married,primary,yes,no,unknown,25,7,unknown,no
Max  Rodgers,Male,25,California,White Collar,22.Jul.2017,"$184,872.19 ",married,tertiary,no,no,unknown,753,1,unknown,no
Robert  Munoz,Female,29,California,Blue Collar,22.Jul.2017,"$2,139.01 ",married,tertiary,yes,no,cellular,124,1,unknown,no
Cecilia  Manning,Male,37,California,Blue Collar,22.Jul.2017,"$7,810.48 ",single,secondary,yes,no,cellular,208,2,unknown,no
Donna  Reid,Female,21,California,Blue Collar,22.Jul.2017,"$89,012.64 ",married,secondary,no,no,cellular,136,4,unknown,no
Arturo  Francis,Female,38,California,White Collar,22.Jul.2017,$15.72 ,married,secondary,yes,no,cellular,1081,2,unknown,yes
Bobbie  Ryan,Male,37,California,White Collar,22.Jul.2017,"$42,154.69 ",married,tertiary,no,no,telephone,376,2,failure,no
Lynette  Brewer,Female,40,California,White Collar,22.Jul.2017,"$8,334.88 ",married,secondary,no,no,cellular,78,1,unknown,no
Johanna  Boone,Male,30,California,White Collar,22.Jul.2017,"$41,627.99 ",married,secondary,yes,no,cellular,354,1,unknown,no
Tracy  Reed,Male,35,California,White Collar,22.Jul.2017,"$12,188.96 ",married,primary,yes,no,cellular,29,1,failure,no
Salvador  Bass,Female,35,California,White Collar,22.Jul.2017,"$64,385.31 ",married,tertiary,yes,no,cellular,209,1,failure,no
Elbert  Klein,Female,53,Nevada,Other,22.Jul.2017,"$61,089.99 ",single,tertiary,yes,no,cellular,433,1,unknown,no
Eddie  Green,Male,44,Nevada,Other,22.Jul.2017,"$45,936.33 ",married,unknown,yes,no,unknown,147,2,unknown,no
Ben  Perez,Male,44,Nevada,Blue Collar,22.Jul.2017,"$55,693.01 ",divorced,primary,yes,no,telephone,41,2,failure,no
Pauline  Beck,Female,43,Nevada,Other,22.Jul.2017,"$5,809.60 ",single,tertiary,no,no,unknown,111,1,unknown,no
Fernando  Rowe,Male,19,Nevada,White Collar,22.Jul.2017,"$14,562.84 ",single,secondary,no,no,cellular,108,2,unknown,no
Sonya  Mullins,Female,56,Nevada,Other,22.Jul.2017,"$9,248.09 ",married,secondary,yes,no,cellular,411,2,unknown,no
Lorraine  Gibson,Male,49,Nevada,Blue Collar,22.Jul.2017,"$119,169.42 ",married,secondary,no,no,cellular,108,2,unknown,no
Lee  Mack,Male,55,Nevada,Blue Collar,22.Jul.2017,"$47,324.22 ",married,secondary,yes,no,cellular,224,2,unknown,yes
Elbert  Klein,Male,40,Nevada,Other,22.Jul.2017,"$6,082.39 ",single,secondary,yes,no,unknown,1083,2,unknown,no
Herman  Williams,Male,55,Nevada,Blue Collar,22.Jul.2017,"$81,525.31 ",single,tertiary,no,no,unknown,757,2,unknown,yes
Mable  Lindsey,Male,47,Wyoming,White Collar,22.Jul.2017,"$98,060.13 ",married,primary,no,no,unknown,57,1,unknown,no
Sonya  Mullins,Female,38,Wyoming,White Collar,22.Jul.2017,"$89,774.09 ",single,secondary,yes,yes,cellular,95,5,unknown,no
Robert  Munoz,Male,44,Wyoming,White Collar,22.Jul.2017,"$165,492.46 ",single,tertiary,no,no,cellular,144,2,failure,no
Elaine  Ellis,Female,40,Wyoming,Other,22.Jul.2017,"$55,527.75 ",married,secondary,no,no,cellular,135,1,unknown,no
Brooke  Horton,Female,42,Wyoming,Other,22.Jul.2017,"$82,624.28 ",single,tertiary,no,no,cellular,176,2,unknown,no
Joey  Wong,Male,28,Wyoming,White Collar,22.Jul.2017,"$180,627.63 ",married,secondary,no,yes,cellular,524,5,unknown,no
Blake  Bridges,Female,36,Oregon,Other,22.Jul.2017,"$73,572.15 ",married,secondary,yes,no,unknown,65,1,unknown,no
Max  Rodgers,Female,31,Oregon,Other,22.Jul.2017,"$9,896.16 ",married,secondary,yes,yes,cellular,653,1,success,yes
Isabel  Cross,Male,26,Oregon,Other,22.Jul.2017,"$59,057.40 ",married,secondary,yes,no,unknown,91,1,other,yes
Johanna  Boone,Male,46,California,White Collar,23.Jul.2017,"$73,896.49 ",single,secondary,no,no,cellular,93,1,unknown,yes
Colleen  Warren,Female,33,California,White Collar,23.Jul.2017,"$21,075.69 ",divorced,tertiary,yes,no,cellular,503,2,failure,no
Max  Rodgers,Female,42,California,White Collar,23.Jul.2017,"$144,542.93 ",married,secondary,yes,no,cellular,186,1,failure,no
Sylvester  Morales,Female,35,California,White Collar,23.Jul.2017,"$46,853.42 ",married,tertiary,yes,no,unknown,121,2,unknown,no
Lynette  Brewer,Male,44,California,White Collar,23.Jul.2017,"$90,903.06 ",married,tertiary,no,yes,cellular,452,2,unknown,no
Edwin  Malone,Male,46,Nevada,Blue Collar,23.Jul.2017,"$13,674.93 ",married,primary,no,no,telephone,883,1,failure,yes
Arturo  Francis,Male,45,Nevada,Blue Collar,23.Jul.2017,"$58,504.18 ",divorced,primary,yes,no,unknown,104,2,unknown,no
Billie  Chandler,Female,49,Nevada,Other,23.Jul.2017,"$31,480.87 ",divorced,tertiary,no,no,cellular,24,3,unknown,no
Cecilia  Manning,Female,34,Wyoming,White Collar,23.Jul.2017,"$23,100.37 ",single,secondary,no,no,telephone,79,9,unknown,no
Blake  Bridges,Male,41,Wyoming,White Collar,23.Jul.2017,"$38,179.93 ",married,tertiary,no,no,cellular,178,2,unknown,no
Andrew  Meyer,Male,25,Oregon,Other,23.Jul.2017,"$66,528.40 ",married,primary,yes,no,cellular,74,2,unknown,no
Herman  Williams,Female,34,California,White Collar,24.Jul.2017,"$6,053.37 ",single,secondary,no,no,cellular,217,1,other,no
Brooke  Horton,Male,40,California,White Collar,24.Jul.2017,"$100,486.75 ",single,tertiary,no,yes,cellular,475,1,unknown,no
Mable  Lindsey,Male,49,California,Other,24.Jul.2017,"$2,127.27 ",single,secondary,yes,no,cellular,127,1,unknown,no
Felicia  Jennings,Male,31,California,White Collar,24.Jul.2017,"$36,503.00 ",married,secondary,no,no,cellular,101,1,unknown,no
Robert  Munoz,Male,37,California,White Collar,24.Jul.2017,"$88,700.69 ",married,primary,yes,no,cellular,340,3,unknown,no
Edwin  Malone,Male,51,Nevada,Other,24.Jul.2017,"$38,764.78 ",single,secondary,yes,no,cellular,158,4,unknown,no
Robert  Munoz,Female,29,California,Blue Collar,25.Jul.2017,"$28,333.67 ",single,tertiary,no,no,cellular,242,1,unknown,no
Shari  Silva,Male,38,California,White Collar,25.Jul.2017,"$115,984.18 ",married,secondary,yes,no,unknown,323,1,unknown,no
Elbert  Klein,Female,35,California,Blue Collar,25.Jul.2017,"$57,383.91 ",married,tertiary,yes,yes,unknown,18,30,unknown,no
Cassandra  Franklin,Male,32,California,White Collar,25.Jul.2017,"$118,811.31 ",married,tertiary,yes,no,cellular,68,3,unknown,no
Guillermo  Potter,Male,41,California,Blue Collar,25.Jul.2017,"$125,822.99 ",married,primary,yes,yes,cellular,134,4,unknown,no
Dan  Peterson,Male,33,California,Blue Collar,25.Jul.2017,"$104,519.33 ",married,tertiary,yes,no,cellular,113,3,unknown,no
Trevor  Jones,Male,19,California,White Collar,25.Jul.2017,"$102,954.19 ",married,secondary,yes,no,cellular,43,4,unknown,no
Mable  Lindsey,Female,49,California,White Collar,25.Jul.2017,"$138,717.66 ",single,tertiary,no,no,unknown,200,2,unknown,no
Elbert  Klein,Female,30,California,Other,25.Jul.2017,"$157,753.57 ",divorced,unknown,no,no,cellular,245,2,unknown,no
Rachel  Gomez,Male,49,California,White Collar,25.Jul.2017,"$28,197.36 ",divorced,secondary,yes,no,unknown,343,4,unknown,no
Edwin  Malone,Female,32,California,White Collar,25.Jul.2017,"$8,519.52 ",single,secondary,no,no,cellular,229,1,unknown,no
Ruben  Nunez,Male,24,California,White Collar,25.Jul.2017,"$25,561.55 ",divorced,tertiary,yes,no,unknown,530,1,unknown,no
Robert  Munoz,Male,52,Nevada,Blue Collar,25.Jul.2017,"$46,907.45 ",married,primary,no,no,cellular,58,5,unknown,no
Isabel  Cross,Female,59,Nevada,Other,25.Jul.2017,"$130,052.93 ",married,secondary,no,no,cellular,78,2,success,no
Edwin  Malone,Male,48,Nevada,Other,25.Jul.2017,"$59,960.57 ",married,secondary,no,no,unknown,147,1,unknown,no
Cassandra  Franklin,Male,53,Nevada,Blue Collar,25.Jul.2017,"$23,544.51 ",single,tertiary,yes,no,cellular,40,1,unknown,no
Eddie  Green,Male,27,Nevada,Blue Collar,25.Jul.2017,"$31,287.54 ",married,primary,yes,no,cellular,618,2,unknown,no
Brooke  Horton,Male,56,Nevada,Blue Collar,25.Jul.2017,"$64,394.19 ",married,primary,yes,no,cellular,23,4,unknown,no
Elaine  Ellis,Male,27,Oregon,White Collar,25.Jul.2017,"$33,840.36 ",married,secondary,no,no,cellular,293,1,other,yes
Beth  Tucker,Male,30,California,Blue Collar,26.Jul.2017,"$48,769.30 ",married,secondary,yes,no,cellular,16,6,other,no
Isabel  Cross,Male,34,California,White Collar,26.Jul.2017,"$40,144.49 ",married,secondary,no,no,cellular,286,2,unknown,no
Fernando  Rowe,Female,30,California,White Collar,26.Jul.2017,"$58,976.13 ",married,secondary,yes,no,cellular,209,1,failure,no
Sandra  Floyd,Male,52,California,White Collar,26.Jul.2017,"$34,495.04 ",married,tertiary,yes,no,unknown,935,1,unknown,no
Felicia  Jennings,Male,26,California,White Collar,26.Jul.2017,"$78,512.61 ",married,primary,yes,no,unknown,260,1,unknown,no
Cecilia  Manning,Male,45,California,White Collar,26.Jul.2017,"$42,795.18 ",married,secondary,yes,no,unknown,298,4,unknown,no
Isabel  Cross,Male,31,California,White Collar,26.Jul.2017,"$46,538.69 ",married,secondary,yes,no,cellular,397,2,failure,no
Christy  Olson,Male,38,California,White Collar,26.Jul.2017,"$10,593.49 ",single,tertiary,yes,no,cellular,113,4,failure,no
Marion  Glover,Male,55,Nevada,Blue Collar,26.Jul.2017,"$103,505.33 ",divorced,secondary,yes,no,telephone,76,1,unknown,no
Jaime  Pearson,Male,54,Nevada,Blue Collar,26.Jul.2017,"$134,575.99 ",married,tertiary,no,yes,cellular,141,1,unknown,no
Andrew  Meyer,Male,44,Nevada,Blue Collar,26.Jul.2017,"$83,687.34 ",married,unknown,yes,no,unknown,773,2,unknown,no
Felicia  Jennings,Female,35,Wyoming,White Collar,26.Jul.2017,"$59,241.60 ",single,secondary,no,no,telephone,329,1,other,no
Rachel  Gomez,Female,21,Oregon,Blue Collar,26.Jul.2017,"$16,769.04 ",married,secondary,yes,no,unknown,423,1,unknown,no
Felicia  Jennings,Female,31,California,Other,27.Jul.2017,"$1,750.36 ",married,primary,no,no,cellular,67,4,unknown,no
Rachel  Gomez,Female,39,California,White Collar,27.Jul.2017,"$10,239.48 ",single,secondary,yes,yes,unknown,626,1,unknown,no
Robert  Munoz,Female,32,California,Blue Collar,27.Jul.2017,"$62,508.84 ",married,tertiary,no,no,cellular,578,2,unknown,yes
Cecilia  Manning,Male,36,California,White Collar,27.Jul.2017,"$35,334.10 ",married,secondary,yes,no,unknown,61,1,unknown,no
Robert  Munoz,Female,34,California,White Collar,27.Jul.2017,"$33,881.69 ",married,secondary,yes,no,unknown,248,4,unknown,no
Johanna  Boone,Male,34,California,White Collar,27.Jul.2017,"$87,533.70 ",single,secondary,no,yes,cellular,136,1,failure,no
Fernando  Rowe,Female,41,California,White Collar,27.Jul.2017,"$34,599.42 ",single,tertiary,no,no,cellular,126,3,unknown,no
Drew  Rogers,Female,29,California,Other,27.Jul.2017,"$50,093.55 ",married,secondary,no,no,telephone,653,3,unknown,no
Kyle  Carr,Male,48,Nevada,Blue Collar,27.Jul.2017,"$1,801.60 ",married,unknown,yes,no,telephone,7,7,unknown,no
Cassandra  Franklin,Male,39,Nevada,Blue Collar,27.Jul.2017,"$1,872.43 ",divorced,tertiary,yes,no,cellular,528,1,unknown,no
Robert  Munoz,Male,32,Nevada,Other,27.Jul.2017,"$2,031.10 ",married,secondary,yes,no,cellular,785,1,unknown,no
Brooke  Horton,Male,52,Nevada,Blue Collar,27.Jul.2017,"$88,730.30 ",married,tertiary,no,no,cellular,243,5,unknown,no
Ellen  Weaver,Female,49,Nevada,Other,27.Jul.2017,"$110,564.39 ",married,primary,yes,no,cellular,24,2,other,no
Sylvester  Morales,Male,55,Nevada,Other,27.Jul.2017,"$5,069.15 ",single,secondary,no,no,unknown,82,1,unknown,no
Cassandra  Franklin,Female,40,Wyoming,White Collar,27.Jul.2017,"$50,448.16 ",single,tertiary,yes,no,unknown,952,3,unknown,no
Max  Rodgers,Male,39,Wyoming,White Collar,27.Jul.2017,"$64,569.46 ",divorced,unknown,yes,no,cellular,27,5,unknown,no
Rachel  Gomez,Male,43,Wyoming,White Collar,27.Jul.2017,"$172,647.75 ",married,secondary,yes,no,unknown,143,1,unknown,no
Bethany  Pena,Female,38,Wyoming,White Collar,27.Jul.2017,"$21,491.64 ",divorced,secondary,yes,no,unknown,274,6,unknown,no
Colleen  Warren,Female,35,Wyoming,White Collar,27.Jul.2017,"$65,970.37 ",single,secondary,yes,no,cellular,1174,1,other,yes
Rachel  Gomez,Female,52,Oregon,Other,27.Jul.2017,"$11,587.64 ",divorced,unknown,no,no,cellular,915,1,unknown,no
Kyle  Carr,Male,29,California,Other,28.Jul.2017,"$159,433.94 ",married,primary,yes,no,cellular,115,1,unknown,no
Lorraine  Gibson,Female,30,California,White Collar,28.Jul.2017,"$3,680.87 ",divorced,secondary,yes,no,unknown,222,2,unknown,no
Peter  Hodges,Male,44,California,White Collar,28.Jul.2017,"$34,820.03 ",divorced,primary,no,no,cellular,341,1,unknown,no
Peter  Hodges,Female,37,California,Blue Collar,28.Jul.2017,"$64,805.54 ",single,secondary,yes,no,unknown,112,2,unknown,no
Tracy  Reed,Male,41,California,White Collar,28.Jul.2017,"$22,237.24 ",married,primary,yes,no,unknown,64,2,unknown,no
Lorraine  Gibson,Female,43,California,White Collar,28.Jul.2017,$169.70 ,single,secondary,yes,no,cellular,937,3,unknown,yes
Drew  Rogers,Female,38,California,White Collar,28.Jul.2017,"$77,037.43 ",single,tertiary,yes,no,cellular,129,1,unknown,no
Shari  Silva,Female,38,California,White Collar,28.Jul.2017,"$56,515.72 ",single,tertiary,yes,no,cellular,59,1,unknown,no
Patty  Thompson,Female,29,California,Other,28.Jul.2017,"$69,466.45 ",married,secondary,yes,no,cellular,79,1,success,no
Cassandra  Franklin,Female,50,Nevada,Other,28.Jul.2017,"$148,910.06 ",married,secondary,no,no,telephone,151,5,unknown,no
Shari  Silva,Male,42,Nevada,Blue Collar,28.Jul.2017,"$56,584.28 ",divorced,secondary,yes,no,unknown,83,1,unknown,no
Cecilia  Manning,Female,28,Wyoming,White Collar,28.Jul.2017,"$136,174.03 ",single,tertiary,no,no,cellular,101,5,other,no
Della  Jensen,Male,17,Oregon,Other,28.Jul.2017,"$7,698.33 ",married,tertiary,no,no,cellular,157,3,success,yes
Donna  Reid,Female,35,California,White Collar,29.Jul.2017,"$66,599.70 ",married,secondary,no,yes,cellular,57,11,other,no
Eric  Rose,Female,38,California,White Collar,29.Jul.2017,"$121,975.61 ",married,secondary,yes,yes,unknown,176,3,unknown,no
Shari  Silva,Male,32,California,White Collar,29.Jul.2017,"$20,398.87 ",married,secondary,yes,no,cellular,222,3,unknown,no
Salvador  Bass,Male,40,California,Other,29.Jul.2017,"$43,719.85 ",married,primary,yes,no,unknown,217,4,unknown,no
Trevor  Jones,Male,32,California,White Collar,29.Jul.2017,"$82,607.75 ",married,secondary,yes,no,unknown,252,1,unknown,no
Sonya  Mullins,Female,27,California,White Collar,29.Jul.2017,"$85,495.75 ",single,secondary,yes,no,unknown,1063,5,unknown,yes
Elaine  Ellis,Male,38,California,White Collar,29.Jul.2017,"$23,915.58 ",married,primary,no,no,cellular,41,2,unknown,no
Mable  Lindsey,Male,31,California,Blue Collar,29.Jul.2017,"$30,204.67 ",single,secondary,yes,no,unknown,27,25,unknown,no
Allan  Ramos,Male,51,Nevada,Blue Collar,29.Jul.2017,"$6,250.21 ",single,secondary,yes,no,cellular,758,2,unknown,no
Kyle  Carr,Male,56,Nevada,Blue Collar,29.Jul.2017,"$17,755.49 ",married,secondary,no,no,telephone,301,3,unknown,yes
Elvira  Bowman,Female,48,Nevada,Other,29.Jul.2017,"$11,586.79 ",married,tertiary,yes,no,cellular,574,1,unknown,no
Trevor  Jones,Male,60,Nevada,White Collar,29.Jul.2017,"$111,440.63 ",married,tertiary,no,no,cellular,847,1,success,yes
Max  Rodgers,Male,59,Nevada,Other,29.Jul.2017,"$35,681.90 ",married,primary,no,yes,telephone,78,5,unknown,no
Shari  Silva,Male,50,Nevada,Blue Collar,29.Jul.2017,"$6,801.42 ",married,secondary,yes,yes,unknown,514,1,unknown,no
Elbert  Klein,Male,51,Nevada,Other,29.Jul.2017,"$79,904.51 ",divorced,primary,no,no,unknown,1558,1,unknown,yes
Lee  Mack,Female,46,Wyoming,White Collar,29.Jul.2017,"$14,726.22 ",married,unknown,no,no,cellular,789,2,unknown,no
Ruben  Nunez,Female,43,Wyoming,White Collar,29.Jul.2017,"$81,243.36 ",married,primary,no,no,cellular,146,3,success,no
Bernadette  Page,Male,29,Wyoming,Blue Collar,29.Jul.2017,"$48,427.75 ",single,secondary,yes,no,cellular,272,2,unknown,no
Lula  Daniels,Female,28,California,Other,30.Jul.2017,"$15,951.27 ",divorced,primary,yes,no,cellular,323,2,failure,no
Sonya  Mullins,Male,36,California,White Collar,30.Jul.2017,"$3,558.93 ",married,secondary,yes,no,cellular,712,2,unknown,no
Elvira  Bowman,Male,43,California,White Collar,30.Jul.2017,"$23,699.30 ",single,tertiary,yes,no,unknown,860,2,unknown,yes
Fernando  Rowe,Female,27,California,Blue Collar,30.Jul.2017,"$88,495.24 ",married,secondary,yes,no,cellular,75,9,unknown,no
Salvador  Bass,Female,27,California,Other,30.Jul.2017,"$46,255.79 ",married,secondary,yes,no,unknown,191,4,unknown,no
Cindy  Becker,Male,52,Nevada,Other,30.Jul.2017,"$20,027.73 ",married,tertiary,yes,yes,cellular,1441,2,unknown,yes
Tracy  Reed,Male,53,Nevada,Other,30.Jul.2017,"$38,501.76 ",married,secondary,no,no,cellular,428,2,unknown,no
Salvador  Bass,Male,47,Nevada,Blue Collar,30.Jul.2017,"$72,636.79 ",married,secondary,no,no,cellular,322,3,unknown,no
Mable  Lindsey,Female,53,Nevada,Other,30.Jul.2017,"$77,045.93 ",married,secondary,yes,no,cellular,104,1,unknown,no
Billie  Chandler,Female,59,Nevada,Other,30.Jul.2017,"$82,638.31 ",married,secondary,yes,no,cellular,127,1,unknown,no
Edwin  Malone,Male,59,Nevada,Blue Collar,30.Jul.2017,"$29,598.54 ",single,primary,yes,no,unknown,1259,6,unknown,yes
Guillermo  Potter,Male,40,Wyoming,White Collar,30.Jul.2017,"$5,395.37 ",married,tertiary,no,no,cellular,114,2,unknown,no
Herman  Williams,Female,37,Oregon,White Collar,30.Jul.2017,"$20,800.28 ",married,secondary,yes,yes,unknown,106,1,unknown,no
Ernest  Davis,Female,30,California,White Collar,31.Jul.2017,"$118,049.90 ",married,tertiary,no,no,cellular,305,1,failure,no
Bobbie  Ryan,Female,37,California,White Collar,31.Jul.2017,"$182,458.67 ",married,tertiary,yes,no,cellular,307,1,unknown,yes
Arturo  Francis,Female,34,California,White Collar,31.Jul.2017,"$186,716.99 ",single,secondary,no,no,cellular,1504,2,unknown,no
Trevor  Jones,Male,30,California,White Collar,31.Jul.2017,"$101,993.81 ",married,unknown,no,no,cellular,396,3,unknown,no
Lula  Daniels,Female,39,California,White Collar,31.Jul.2017,"$25,305.99 ",single,tertiary,yes,no,cellular,71,1,unknown,no
Marian  Hill,Female,38,Nevada,Other,31.Jul.2017,"$55,394.09 ",married,secondary,no,no,cellular,205,3,unknown,no
Ben  Perez,Female,43,Nevada,Other,31.Jul.2017,"$15,689.82 ",married,secondary,yes,no,unknown,134,2,unknown,no
Eddie  Green,Female,34,Wyoming,White Collar,31.Jul.2017,"$1,626.39 ",married,secondary,no,yes,cellular,166,2,unknown,yes
Edwin  Malone,Male,34,Wyoming,Blue Collar,31.Jul.2017,"$2,088.46 ",married,secondary,yes,no,cellular,81,5,unknown,no
Mable  Lindsey,Male,23,Oregon,Blue Collar,31.Jul.2017,"$159,455.24 ",married,tertiary,no,yes,cellular,77,2,unknown,no
Mable  Lindsey,Male,30,Oregon,White Collar,31.Jul.2017,"$49,289.12 ",divorced,secondary,no,no,cellular,80,2,unknown,yes
Christy  Olson,Male,39,California,Blue Collar,01.Aug.2017,"$132,154.07 ",married,tertiary,yes,no,cellular,537,5,failure,no
Isabel  Cross,Male,43,California,Blue Collar,01.Aug.2017,"$59,255.96 ",married,secondary,no,no,cellular,415,1,success,yes
Fernando  Rowe,Female,29,California,White Collar,01.Aug.2017,"$103,244.37 ",married,primary,no,no,cellular,291,1,unknown,no
Peter  Hodges,Male,28,California,Blue Collar,01.Aug.2017,"$33,336.16 ",single,tertiary,yes,no,cellular,283,1,other,no
Drew  Rogers,Female,38,California,Other,01.Aug.2017,"$80,751.85 ",married,secondary,yes,no,telephone,70,4,unknown,no
Lynette  Brewer,Female,23,California,Blue Collar,01.Aug.2017,"$3,121.79 ",married,secondary,yes,no,unknown,611,2,unknown,no
Isabel  Cross,Female,36,California,White Collar,01.Aug.2017,"$60,048.63 ",divorced,secondary,no,no,cellular,132,3,unknown,no
Max  Rodgers,Male,46,Nevada,Blue Collar,01.Aug.2017,"$130,136.81 ",married,tertiary,no,no,unknown,26,1,unknown,no
Max  Rodgers,Male,44,Nevada,Blue Collar,01.Aug.2017,"$129,330.46 ",single,secondary,yes,no,cellular,262,3,unknown,no
Lee  Mack,Male,46,Nevada,Blue Collar,01.Aug.2017,"$105,403.15 ",married,secondary,yes,no,unknown,272,1,unknown,no
Edwin  Malone,Male,60,Nevada,Other,01.Aug.2017,"$133,092.70 ",single,tertiary,yes,no,cellular,137,1,failure,no
Rachel  Gomez,Male,46,Wyoming,Blue Collar,01.Aug.2017,"$136,142.54 ",married,primary,no,no,cellular,95,1,unknown,no
Della  Jensen,Female,29,Wyoming,White Collar,01.Aug.2017,"$43,812.69 ",married,tertiary,no,no,cellular,140,2,unknown,no
Edwin  Malone,Male,31,California,White Collar,02.Aug.2017,"$36,563.28 ",single,secondary,yes,no,unknown,71,11,unknown,no
Robert  Munoz,Female,25,California,White Collar,02.Aug.2017,"$8,706.57 ",married,secondary,yes,no,cellular,502,1,failure,no
Arturo  Francis,Male,41,California,White Collar,02.Aug.2017,"$117,963.15 ",single,tertiary,yes,no,unknown,164,7,unknown,no
Salvador  Bass,Male,33,California,White Collar,02.Aug.2017,"$72,971.52 ",married,primary,yes,yes,unknown,219,1,unknown,no
Max  Rodgers,Female,43,Nevada,Other,02.Aug.2017,"$60,790.67 ",single,secondary,no,no,cellular,328,2,success,yes
Lynette  Brewer,Male,58,Nevada,Other,02.Aug.2017,"$28,602.28 ",married,secondary,yes,no,unknown,224,2,unknown,no
Arturo  Francis,Male,56,Nevada,Other,02.Aug.2017,"$89,513.66 ",married,primary,yes,no,cellular,63,2,unknown,no
Dan  Peterson,Female,53,Nevada,White Collar,02.Aug.2017,"$29,303.31 ",married,tertiary,no,no,cellular,24,13,unknown,no
Paulette  Spencer,Male,43,Wyoming,White Collar,02.Aug.2017,"$70,705.33 ",single,tertiary,no,no,telephone,147,4,unknown,no
Rachel  Gomez,Female,36,California,Other,03.Aug.2017,"$84,222.81 ",single,secondary,no,no,cellular,84,3,unknown,no
Andrew  Meyer,Male,27,California,White Collar,03.Aug.2017,"$60,633.73 ",married,secondary,yes,no,cellular,175,1,unknown,no
Willie  Vega,Male,27,California,Blue Collar,03.Aug.2017,"$59,523.51 ",married,tertiary,yes,no,cellular,12,21,unknown,no
Trevor  Jones,Female,31,California,White Collar,03.Aug.2017,"$126,182.48 ",single,tertiary,no,yes,cellular,40,15,unknown,no
Ellen  Weaver,Male,36,California,White Collar,03.Aug.2017,"$97,897.85 ",single,secondary,no,no,cellular,217,1,unknown,no
Salvador  Bass,Male,31,California,White Collar,03.Aug.2017,"$51,062.46 ",married,secondary,yes,yes,cellular,235,11,unknown,no
Trevor  Jones,Male,35,California,White Collar,03.Aug.2017,"$29,635.88 ",single,secondary,no,no,cellular,255,1,unknown,no
Robert  Munoz,Female,32,California,White Collar,03.Aug.2017,"$45,111.39 ",married,tertiary,no,yes,cellular,256,1,unknown,no
Christy  Olson,Male,64,Nevada,Blue Collar,03.Aug.2017,"$106,127.37 ",divorced,primary,no,no,telephone,41,2,unknown,no
Felicia  Jennings,Male,57,Nevada,Blue Collar,03.Aug.2017,"$39,010.10 ",married,tertiary,no,yes,unknown,75,1,unknown,no
Marion  Glover,Male,45,Nevada,Blue Collar,03.Aug.2017,"$61,432.21 ",married,secondary,yes,no,cellular,192,4,unknown,no
Salvador  Bass,Male,57,Nevada,Blue Collar,03.Aug.2017,"$211,629.12 ",married,secondary,no,no,unknown,796,1,unknown,yes
Carla  Mccormick,Female,33,Oregon,Blue Collar,03.Aug.2017,"$88,245.04 ",married,secondary,no,no,cellular,220,3,unknown,no
Lula  Daniels,Female,34,California,Other,04.Aug.2017,"$34,544.16 ",married,secondary,yes,yes,cellular,614,2,unknown,no
Willie  Vega,Male,36,California,White Collar,04.Aug.2017,"$28,470.91 ",divorced,secondary,no,no,cellular,1126,4,unknown,yes
Salvador  Bass,Female,38,California,White Collar,04.Aug.2017,"$37,604.30 ",married,secondary,no,no,telephone,161,2,unknown,no
Bobbie  Ryan,Female,28,California,White Collar,04.Aug.2017,"$58,089.51 ",single,secondary,no,no,cellular,141,3,unknown,no
Della  Jensen,Male,27,California,White Collar,04.Aug.2017,"$3,736.94 ",married,tertiary,no,yes,telephone,697,1,unknown,no
Lula  Daniels,Female,26,California,White Collar,04.Aug.2017,"$28,492.25 ",single,secondary,no,no,unknown,223,2,unknown,no
Max  Rodgers,Male,49,Nevada,Blue Collar,04.Aug.2017,"$63,661.91 ",divorced,secondary,no,no,cellular,931,1,unknown,yes
Andrew  Meyer,Male,45,Nevada,Other,04.Aug.2017,"$40,528.30 ",married,secondary,yes,no,cellular,483,1,failure,no
Iris  Underwood,Male,43,Nevada,Blue Collar,04.Aug.2017,"$53,013.72 ",single,secondary,no,no,cellular,63,2,unknown,no
Salvador  Bass,Male,44,Wyoming,Blue Collar,04.Aug.2017,"$79,589.34 ",single,secondary,no,no,cellular,271,5,unknown,no
Blake  Bridges,Female,30,California,Blue Collar,05.Aug.2017,"$141,029.19 ",married,secondary,yes,no,cellular,144,5,unknown,no
Shari  Silva,Male,36,California,Other,05.Aug.2017,"$69,139.40 ",married,secondary,yes,yes,cellular,79,3,unknown,no
Bethany  Pena,Male,31,California,White Collar,05.Aug.2017,"$13,218.21 ",married,primary,yes,no,telephone,171,1,unknown,no
Paulette  Spencer,Male,53,Nevada,Other,05.Aug.2017,"$20,397.43 ",married,tertiary,yes,no,cellular,73,4,unknown,no
Rachel  Gomez,Female,51,Nevada,Other,05.Aug.2017,"$44,609.99 ",married,unknown,no,no,telephone,69,1,unknown,no
Mable  Lindsey,Female,38,Nevada,Other,05.Aug.2017,"$171,559.04 ",married,secondary,no,no,cellular,60,1,failure,no
Isabel  Cross,Female,47,Wyoming,Other,05.Aug.2017,"$106,826.51 ",married,secondary,yes,no,unknown,257,1,unknown,no
Charlie  Wood,Female,28,Oregon,Other,05.Aug.2017,"$28,596.36 ",married,tertiary,no,no,cellular,198,2,other,no
Salvador  Bass,Male,35,Oregon,Other,05.Aug.2017,"$49,315.13 ",married,secondary,yes,no,cellular,217,3,failure,no
Patty  Thompson,Female,18,Oregon,Blue Collar,05.Aug.2017,"$47,683.00 ",married,primary,yes,yes,cellular,134,1,unknown,no
Cassandra  Franklin,Female,36,California,White Collar,06.Aug.2017,"$75,406.99 ",single,secondary,yes,no,cellular,41,1,unknown,no
Elbert  Klein,Male,23,California,White Collar,06.Aug.2017,"$60,043.93 ",married,primary,yes,yes,cellular,611,2,other,no
Brooke  Horton,Male,48,California,Other,06.Aug.2017,"$7,313.79 ",single,unknown,yes,no,unknown,216,3,unknown,no
Tiffany  May,Female,47,California,White Collar,06.Aug.2017,"$28,148.73 ",married,secondary,no,no,cellular,388,8,unknown,no
Sonya  Mullins,Male,27,Wyoming,White Collar,06.Aug.2017,"$26,179.21 ",divorced,secondary,yes,no,unknown,242,1,unknown,no
Elbert  Klein,Male,43,Wyoming,Other,06.Aug.2017,"$77,010.61 ",single,secondary,no,no,cellular,387,1,unknown,no
Max  Rodgers,Female,45,Wyoming,Other,06.Aug.2017,"$33,289.76 ",single,secondary,no,no,cellular,90,1,unknown,no
Rachel  Gomez,Female,31,Oregon,Blue Collar,06.Aug.2017,"$68,964.99 ",married,secondary,yes,no,telephone,281,2,unknown,no
Charlie  Wood,Male,51,California,Blue Collar,07.Aug.2017,"$63,158.13 ",married,primary,yes,no,cellular,332,1,unknown,no
Shari  Silva,Female,39,California,White Collar,07.Aug.2017,"$7,660.19 ",married,secondary,no,no,cellular,218,1,unknown,yes
Pauline  Beck,Male,37,California,Blue Collar,07.Aug.2017,"$81,391.94 ",single,secondary,yes,no,unknown,650,2,unknown,no
Paulette  Spencer,Male,39,California,White Collar,07.Aug.2017,"$31,647.46 ",divorced,tertiary,yes,yes,telephone,1034,1,unknown,yes
Paulette  Spencer,Male,45,California,White Collar,07.Aug.2017,"$26,905.27 ",married,secondary,yes,no,cellular,182,2,failure,no
Woodrow  Colon,Male,26,California,White Collar,07.Aug.2017,"$12,996.39 ",single,secondary,no,no,cellular,156,1,unknown,no
Trevor  Jones,Female,47,Wyoming,White Collar,07.Aug.2017,"$64,566.42 ",married,tertiary,yes,no,cellular,171,3,unknown,no
Cassandra  Franklin,Female,37,Wyoming,White Collar,07.Aug.2017,"$80,334.72 ",divorced,secondary,yes,no,telephone,265,1,other,no
Joey  Wong,Male,33,California,Other,08.Aug.2017,"$27,319.46 ",married,secondary,yes,no,cellular,10,3,unknown,no
Cassandra  Franklin,Male,30,California,Other,08.Aug.2017,"$123,940.52 ",divorced,secondary,no,no,cellular,350,1,unknown,no
Marion  Glover,Female,30,California,Other,08.Aug.2017,"$129,240.10 ",married,secondary,yes,no,cellular,65,1,failure,no
Cassandra  Franklin,Male,26,California,White Collar,08.Aug.2017,"$19,228.03 ",married,secondary,no,no,cellular,58,1,unknown,no
Ellen  Weaver,Female,25,California,White Collar,08.Aug.2017,"$68,086.00 ",single,unknown,no,no,cellular,69,3,unknown,no
Cassandra  Franklin,Male,30,California,White Collar,08.Aug.2017,"$56,896.25 ",married,tertiary,no,yes,cellular,127,2,unknown,no
Rachel  Gomez,Female,37,California,White Collar,08.Aug.2017,"$11,143.37 ",married,secondary,yes,no,telephone,154,2,unknown,no
Carla  Mccormick,Female,38,California,Other,08.Aug.2017,"$119,906.96 ",married,secondary,no,no,telephone,36,4,unknown,no
Marion  Glover,Female,35,California,Blue Collar,08.Aug.2017,"$131,282.12 ",married,tertiary,no,yes,cellular,85,7,failure,no
Iris  Underwood,Male,55,Nevada,Blue Collar,08.Aug.2017,"$16,272.01 ",single,unknown,yes,no,cellular,362,1,failure,no
Edwin  Malone,Male,50,Nevada,Blue Collar,08.Aug.2017,"$42,001.30 ",married,secondary,yes,no,cellular,49,1,unknown,no
Kyle  Carr,Female,36,Oregon,Other,08.Aug.2017,"$17,261.96 ",married,secondary,yes,no,cellular,410,1,unknown,no
Kyle  Carr,Female,36,California,Blue Collar,09.Aug.2017,"$34,695.79 ",married,primary,yes,yes,cellular,253,3,unknown,no
Arturo  Francis,Male,44,California,Blue Collar,09.Aug.2017,"$16,286.25 ",single,tertiary,no,no,cellular,570,1,unknown,no
Mable  Lindsey,Male,34,California,White Collar,09.Aug.2017,"$141,391.00 ",married,secondary,yes,no,cellular,633,7,unknown,no
Rachel  Gomez,Male,47,California,Other,09.Aug.2017,"$40,134.96 ",married,secondary,yes,no,unknown,82,4,unknown,no
Max  Rodgers,Female,25,California,White Collar,09.Aug.2017,"$98,663.52 ",married,tertiary,yes,yes,cellular,164,1,unknown,no
Patty  Thompson,Male,29,California,White Collar,09.Aug.2017,"$4,456.79 ",married,primary,no,yes,unknown,175,3,unknown,no
Marian  Hill,Female,37,California,White Collar,09.Aug.2017,"$89,800.94 ",single,tertiary,no,no,cellular,659,4,unknown,yes
Mable  Lindsey,Male,46,California,White Collar,09.Aug.2017,"$6,624.94 ",single,secondary,yes,no,cellular,139,2,unknown,no
Pauline  Beck,Female,35,California,White Collar,09.Aug.2017,"$39,351.54 ",single,secondary,yes,no,unknown,43,11,unknown,no
Isabel  Cross,Male,52,Nevada,Blue Collar,09.Aug.2017,"$156,257.13 ",married,tertiary,yes,no,cellular,343,5,unknown,no
Elbert  Klein,Male,58,Nevada,Other,09.Aug.2017,"$99,812.07 ",married,unknown,no,yes,cellular,74,1,success,no
Salvador  Bass,Male,49,Wyoming,White Collar,09.Aug.2017,"$49,054.49 ",married,primary,yes,no,unknown,302,8,unknown,no
Cecilia  Manning,Female,24,California,White Collar,10.Aug.2017,"$128,540.31 ",married,secondary,no,no,cellular,455,13,unknown,no
Salvador  Bass,Female,39,California,White Collar,10.Aug.2017,"$102,527.54 ",divorced,unknown,yes,no,unknown,126,4,unknown,no
Charlie  Wood,Female,40,California,White Collar,10.Aug.2017,"$126,929.61 ",divorced,secondary,yes,yes,cellular,107,1,unknown,no
Lorraine  Gibson,Male,48,Nevada,Blue Collar,10.Aug.2017,"$53,542.27 ",married,primary,yes,no,unknown,120,1,unknown,no
Brooke  Horton,Male,36,Nevada,Blue Collar,10.Aug.2017,"$79,976.46 ",married,tertiary,yes,no,cellular,727,4,unknown,no
Lee  Mack,Male,58,Nevada,Other,10.Aug.2017,"$80,781.90 ",single,secondary,yes,no,unknown,275,4,unknown,no
Cassandra  Franklin,Male,38,Nevada,Blue Collar,10.Aug.2017,"$133,657.33 ",single,unknown,no,no,telephone,41,1,unknown,no
Cassandra  Franklin,Male,52,Nevada,Blue Collar,10.Aug.2017,"$6,956.42 ",married,tertiary,no,no,cellular,61,4,unknown,no
Cassandra  Franklin,Male,60,Nevada,Blue Collar,10.Aug.2017,"$35,454.25 ",married,primary,yes,no,cellular,232,2,other,no
Salvador  Bass,Male,31,Nevada,White Collar,10.Aug.2017,"$185,419.67 ",married,secondary,yes,no,cellular,214,1,unknown,no
Nellie  Joseph,Male,56,Nevada,Other,10.Aug.2017,"$103,017.42 ",married,secondary,yes,no,telephone,21,1,unknown,no
Charlie  Wood,Male,33,Wyoming,White Collar,10.Aug.2017,"$179,518.63 ",divorced,unknown,no,no,cellular,138,2,unknown,yes
Cassandra  Franklin,Male,41,Wyoming,White Collar,10.Aug.2017,"$78,111.94 ",single,primary,yes,no,cellular,173,1,other,no
Cassandra  Franklin,Female,38,Wyoming,White Collar,10.Aug.2017,"$47,176.99 ",married,secondary,yes,no,cellular,635,1,unknown,no
Della  Jensen,Female,34,Oregon,Other,10.Aug.2017,"$7,389.04 ",married,secondary,yes,yes,cellular,77,2,unknown,no
Cindy  Becker,Male,43,California,Blue Collar,11.Aug.2017,"$53,892.96 ",married,tertiary,yes,no,unknown,73,1,unknown,no
Drew  Rogers,Female,36,California,White Collar,11.Aug.2017,"$10,505.12 ",married,tertiary,no,no,cellular,540,2,failure,no
Edwin  Malone,Female,40,California,Other,11.Aug.2017,"$41,196.70 ",married,primary,yes,no,unknown,179,2,unknown,no
Ben  Perez,Female,43,California,White Collar,11.Aug.2017,"$54,765.70 ",single,tertiary,yes,no,cellular,119,1,unknown,no
Della  Jensen,Male,36,California,White Collar,11.Aug.2017,"$5,035.49 ",married,primary,yes,no,telephone,107,1,other,no
Shari  Silva,Male,33,California,White Collar,11.Aug.2017,"$53,144.24 ",married,secondary,yes,no,unknown,48,2,unknown,no
Max  Rodgers,Male,42,Nevada,Other,11.Aug.2017,"$168,531.99 ",single,tertiary,yes,no,unknown,447,4,unknown,no
Lula  Daniels,Female,54,Nevada,Other,11.Aug.2017,"$120,321.37 ",married,secondary,yes,no,cellular,430,2,unknown,no
Sylvester  Morales,Male,64,Nevada,Other,11.Aug.2017,"$21,256.09 ",single,tertiary,no,no,cellular,64,2,unknown,no
Ellen  Weaver,Male,42,Wyoming,Blue Collar,11.Aug.2017,"$29,063.81 ",single,secondary,yes,no,unknown,217,5,unknown,no
Della  Jensen,Male,37,Wyoming,Blue Collar,11.Aug.2017,"$141,263.67 ",single,tertiary,yes,no,cellular,77,1,unknown,no
Della  Jensen,Male,21,Wyoming,White Collar,11.Aug.2017,"$45,434.90 ",married,secondary,yes,no,unknown,16,11,unknown,no
Lynette  Brewer,Male,28,Wyoming,White Collar,11.Aug.2017,"$47,807.40 ",married,unknown,no,no,cellular,753,2,unknown,no
Nellie  Joseph,Male,32,California,White Collar,12.Aug.2017,"$48,273.30 ",married,secondary,no,no,cellular,125,2,failure,no
Isabel  Cross,Female,36,California,White Collar,12.Aug.2017,"$44,590.58 ",single,secondary,yes,yes,unknown,1210,1,unknown,no
Marian  Hill,Female,47,California,White Collar,12.Aug.2017,"$128,688.58 ",married,secondary,yes,no,cellular,185,1,unknown,no
Elaine  Ellis,Female,40,California,Blue Collar,12.Aug.2017,"$20,315.52 ",divorced,secondary,yes,no,cellular,80,1,unknown,no
Max  Rodgers,Female,29,California,White Collar,12.Aug.2017,"$79,397.99 ",single,secondary,no,no,cellular,156,2,unknown,no
Drew  Rogers,Female,45,Nevada,Other,12.Aug.2017,"$6,194.25 ",married,secondary,no,yes,cellular,403,3,unknown,no
Elvira  Bowman,Male,51,Nevada,Blue Collar,12.Aug.2017,"$54,785.40 ",single,tertiary,yes,no,cellular,145,2,unknown,no
Della  Jensen,Male,29,Wyoming,White Collar,12.Aug.2017,"$111,787.40 ",single,primary,yes,no,cellular,17,7,unknown,no
Ruben  Nunez,Female,39,Oregon,Blue Collar,12.Aug.2017,"$31,748.81 ",married,tertiary,yes,no,cellular,160,1,unknown,no
Cindy  Becker,Male,40,California,White Collar,13.Aug.2017,"$73,129.99 ",married,secondary,yes,yes,cellular,486,2,failure,no
Marion  Glover,Female,39,California,Other,13.Aug.2017,"$32,576.31 ",married,primary,yes,no,cellular,321,1,unknown,no
Edwin  Malone,Male,42,California,White Collar,13.Aug.2017,"$143,414.06 ",divorced,secondary,yes,no,unknown,203,4,unknown,no
Ernest  Davis,Female,37,California,Other,13.Aug.2017,"$134,187.61 ",married,unknown,no,no,cellular,646,3,success,no
Johanna  Boone,Female,27,California,Other,13.Aug.2017,"$51,011.48 ",single,tertiary,yes,no,cellular,97,3,unknown,yes
Della  Jensen,Male,36,California,White Collar,13.Aug.2017,"$95,941.48 ",married,secondary,yes,yes,cellular,144,2,unknown,no
Tracy  Reed,Male,33,California,Blue Collar,13.Aug.2017,"$75,848.72 ",single,unknown,no,no,unknown,30,6,unknown,no
Paulette  Spencer,Female,39,California,White Collar,13.Aug.2017,"$66,097.39 ",divorced,tertiary,no,yes,cellular,82,2,unknown,no
Herman  Williams,Female,64,Nevada,Other,13.Aug.2017,"$35,106.52 ",married,primary,yes,no,unknown,326,4,unknown,no
Paulette  Spencer,Male,44,Nevada,White Collar,13.Aug.2017,"$6,628.40 ",single,secondary,no,no,cellular,414,3,unknown,no
Marion  Glover,Female,26,Nevada,Blue Collar,13.Aug.2017,"$114,497.31 ",married,primary,yes,no,cellular,285,5,unknown,no
Della  Jensen,Male,61,Nevada,Other,13.Aug.2017,"$7,350.94 ",divorced,tertiary,no,no,cellular,716,3,unknown,yes
Fernando  Rowe,Male,55,Nevada,Blue Collar,13.Aug.2017,"$23,606.12 ",divorced,tertiary,yes,yes,unknown,449,4,unknown,no
Ernest  Davis,Male,29,Wyoming,Other,13.Aug.2017,"$131,109.88 ",married,primary,yes,no,unknown,16,3,unknown,no
Elvira  Bowman,Female,32,California,Other,14.Aug.2017,"$106,452.78 ",single,secondary,yes,no,unknown,65,1,unknown,no
Robert  Munoz,Female,25,California,White Collar,14.Aug.2017,"$63,840.16 ",married,tertiary,yes,no,cellular,138,1,unknown,no
Rachel  Gomez,Female,36,California,White Collar,14.Aug.2017,"$85,479.99 ",married,primary,no,no,cellular,121,3,unknown,no
Cassandra  Franklin,Male,26,California,Other,14.Aug.2017,"$96,013.96 ",married,tertiary,no,no,cellular,140,2,unknown,no
Carla  Mccormick,Female,28,California,White Collar,14.Aug.2017,"$22,067.60 ",married,primary,yes,no,cellular,256,6,unknown,no
Max  Rodgers,Female,41,California,Blue Collar,14.Aug.2017,"$19,369.03 ",married,secondary,yes,no,cellular,61,4,unknown,no
Ellen  Weaver,Male,29,California,White Collar,14.Aug.2017,"$46,334.04 ",married,primary,yes,no,cellular,367,2,unknown,no
Max  Rodgers,Male,51,Nevada,Other,14.Aug.2017,"$16,625.06 ",married,secondary,yes,no,telephone,9,5,other,no
Max  Rodgers,Male,55,Nevada,Blue Collar,14.Aug.2017,"$26,994.97 ",single,primary,no,yes,cellular,395,4,unknown,no
Paulette  Spencer,Male,51,Nevada,Other,14.Aug.2017,"$1,311.63 ",married,primary,no,yes,cellular,125,2,unknown,no
Robert  Munoz,Male,51,Nevada,Other,14.Aug.2017,"$2,615.45 ",married,secondary,no,no,unknown,580,3,unknown,no
Robert  Munoz,Female,37,Wyoming,White Collar,14.Aug.2017,"$11,911.70 ",married,secondary,yes,no,cellular,15,1,failure,no
Lance  Yates,Male,45,Wyoming,White Collar,14.Aug.2017,"$26,916.99 ",married,secondary,yes,no,unknown,119,2,unknown,no
Joey  Wong,Female,45,Wyoming,Other,14.Aug.2017,"$80,272.63 ",married,secondary,yes,no,unknown,26,2,unknown,no
Jenny  Garcia,Female,36,Wyoming,Other,14.Aug.2017,"$14,446.15 ",married,secondary,yes,yes,cellular,224,2,failure,no
Trevor  Jones,Female,28,Oregon,Other,14.Aug.2017,"$59,944.67 ",married,secondary,yes,no,unknown,285,1,unknown,no
Salvador  Bass,Female,28,California,White Collar,15.Aug.2017,"$26,215.70 ",divorced,tertiary,yes,no,unknown,399,4,unknown,no
Iris  Underwood,Female,28,California,White Collar,15.Aug.2017,"$12,231.00 ",married,secondary,no,no,cellular,88,3,unknown,no
Trevor  Jones,Male,34,California,White Collar,15.Aug.2017,"$28,436.96 ",married,secondary,yes,no,cellular,185,4,unknown,no
Guillermo  Potter,Male,28,California,White Collar,15.Aug.2017,"$13,369.25 ",married,primary,no,no,cellular,98,1,failure,no
Tracy  Reed,Female,34,California,White Collar,15.Aug.2017,"$196,214.81 ",divorced,secondary,no,no,cellular,97,1,failure,no
Cindy  Becker,Male,23,California,Other,15.Aug.2017,"$7,845.12 ",married,secondary,yes,no,cellular,72,2,failure,no
Max  Rodgers,Female,26,California,White Collar,16.Aug.2017,"$8,247.58 ",married,secondary,no,no,cellular,109,1,failure,no
Trevor  Jones,Male,63,Nevada,Other,16.Aug.2017,"$12,523.58 ",married,primary,yes,no,unknown,208,3,unknown,no
Cecilia  Manning,Female,57,Nevada,White Collar,16.Aug.2017,"$52,160.52 ",single,tertiary,no,no,unknown,1029,1,unknown,yes
Ruben  Nunez,Male,64,Nevada,Blue Collar,16.Aug.2017,"$70,319.52 ",single,secondary,yes,yes,cellular,273,1,unknown,no
Rachel  Gomez,Male,28,Wyoming,White Collar,16.Aug.2017,"$115,239.51 ",married,tertiary,yes,no,unknown,130,1,unknown,no
Christy  Olson,Male,41,Wyoming,White Collar,16.Aug.2017,"$167,526.52 ",single,secondary,no,no,cellular,590,2,unknown,no
Max  Rodgers,Male,40,California,White Collar,17.Aug.2017,"$91,878.42 ",married,secondary,yes,no,cellular,107,2,unknown,no
Carla  Mccormick,Female,41,California,Other,17.Aug.2017,"$28,759.16 ",divorced,secondary,yes,no,unknown,88,2,unknown,no
Jenny  Garcia,Female,44,California,White Collar,17.Aug.2017,"$68,884.03 ",divorced,tertiary,no,no,cellular,305,2,unknown,no
Rachel  Gomez,Female,31,California,White Collar,17.Aug.2017,"$68,252.28 ",married,secondary,no,no,cellular,90,2,unknown,no
Woodrow  Colon,Male,24,California,Blue Collar,17.Aug.2017,"$28,772.24 ",single,tertiary,yes,no,cellular,222,1,unknown,no
Trevor  Jones,Male,41,Nevada,Other,17.Aug.2017,"$85,849.73 ",married,tertiary,yes,no,cellular,127,1,unknown,no
Beth  Tucker,Male,55,Nevada,Blue Collar,17.Aug.2017,"$66,400.67 ",married,tertiary,no,no,telephone,38,1,unknown,no
Bernadette  Page,Male,34,Nevada,Other,17.Aug.2017,"$31,542.60 ",single,secondary,no,no,cellular,380,3,unknown,no
Mable  Lindsey,Female,21,Wyoming,White Collar,17.Aug.2017,"$68,505.42 ",divorced,secondary,yes,no,cellular,244,3,failure,no
Jenny  Garcia,Male,39,Wyoming,Other,17.Aug.2017,"$108,754.00 ",married,primary,yes,no,cellular,189,17,unknown,no
Woodrow  Colon,Male,35,California,Blue Collar,18.Aug.2017,"$24,594.22 ",single,secondary,yes,no,unknown,217,2,unknown,no
Eric  Rose,Female,18,California,White Collar,18.Aug.2017,"$54,784.85 ",married,primary,no,no,cellular,388,3,success,yes
Ernest  Davis,Male,40,California,White Collar,18.Aug.2017,"$31,201.91 ",married,primary,yes,no,unknown,22,3,unknown,no
Rachel  Gomez,Male,38,California,White Collar,18.Aug.2017,"$77,760.60 ",single,secondary,no,no,cellular,289,2,unknown,no
Dan  Peterson,Male,30,California,White Collar,18.Aug.2017,"$48,357.25 ",married,tertiary,yes,no,cellular,221,8,unknown,no
Nellie  Joseph,Female,39,California,White Collar,18.Aug.2017,"$10,304.04 ",married,tertiary,yes,yes,cellular,129,2,unknown,no
Edwin  Malone,Female,33,California,Blue Collar,18.Aug.2017,"$28,978.12 ",married,primary,yes,no,cellular,147,2,other,no
Trevor  Jones,Male,40,California,White Collar,18.Aug.2017,"$120,413.99 ",single,secondary,yes,no,unknown,299,1,unknown,no
Patty  Thompson,Male,26,California,White Collar,18.Aug.2017,"$18,811.82 ",married,secondary,yes,no,unknown,543,12,unknown,no
Jenny  Garcia,Male,46,Nevada,Blue Collar,18.Aug.2017,"$73,083.82 ",single,secondary,yes,no,cellular,247,1,unknown,no
Bobbie  Ryan,Female,56,Nevada,Other,18.Aug.2017,"$37,987.78 ",married,primary,yes,no,unknown,166,2,unknown,no
Billie  Chandler,Male,33,Nevada,Other,18.Aug.2017,"$97,921.93 ",divorced,primary,yes,no,unknown,755,1,unknown,yes
Salvador  Bass,Female,43,Nevada,Other,18.Aug.2017,"$95,158.82 ",married,secondary,no,no,unknown,336,2,unknown,no
Tiffany  May,Male,35,Oregon,White Collar,18.Aug.2017,"$14,126.25 ",married,secondary,yes,no,unknown,619,1,unknown,no
Kyle  Carr,Female,56,California,White Collar,19.Aug.2017,"$1,486.60 ",married,tertiary,yes,no,cellular,159,2,failure,no
Ellen  Weaver,Male,62,Nevada,Blue Collar,19.Aug.2017,"$27,889.58 ",married,secondary,yes,yes,unknown,29,3,unknown,no
Edwin  Malone,Female,47,Nevada,Other,19.Aug.2017,"$72,041.24 ",married,secondary,yes,no,unknown,606,2,unknown,no
Elvira  Bowman,Male,45,Nevada,Other,19.Aug.2017,"$104,191.40 ",married,tertiary,yes,no,cellular,971,2,unknown,no
Brooke  Horton,Female,17,Oregon,Blue Collar,19.Aug.2017,"$145,685.61 ",single,secondary,yes,no,unknown,231,2,unknown,no
Eddie  Green,Female,45,California,White Collar,20.Aug.2017,"$30,190.31 ",married,primary,yes,no,unknown,163,1,unknown,no
Tiffany  May,Male,39,California,White Collar,20.Aug.2017,"$15,205.28 ",single,unknown,no,no,cellular,385,2,unknown,yes
Willie  Vega,Female,46,California,White Collar,20.Aug.2017,"$10,450.78 ",single,secondary,no,no,telephone,119,2,unknown,no
Joey  Wong,Female,42,California,Other,20.Aug.2017,"$29,400.69 ",single,tertiary,no,yes,cellular,348,1,unknown,no
Ellen  Weaver,Female,27,California,Blue Collar,20.Aug.2017,"$48,227.22 ",married,primary,yes,no,unknown,30,1,unknown,no
Sylvester  Morales,Female,56,Nevada,Other,20.Aug.2017,"$172,524.12 ",married,secondary,yes,no,cellular,249,2,failure,no
Ivan  Adkins,Female,47,Nevada,Other,20.Aug.2017,"$15,925.78 ",married,tertiary,no,no,cellular,119,2,unknown,no
Colleen  Warren,Male,61,Nevada,Blue Collar,20.Aug.2017,"$171,429.37 ",married,secondary,yes,no,cellular,177,1,unknown,no
Colleen  Warren,Female,33,Wyoming,White Collar,20.Aug.2017,"$12,343.40 ",married,secondary,yes,no,unknown,110,5,unknown,no
Cassandra  Franklin,Male,29,Wyoming,White Collar,20.Aug.2017,"$45,604.57 ",single,secondary,no,no,cellular,594,4,unknown,yes
Robert  Munoz,Female,31,Oregon,Other,20.Aug.2017,"$46,138.85 ",married,unknown,no,no,cellular,105,1,unknown,no
Rachel  Gomez,Female,24,Oregon,Other,20.Aug.2017,"$3,904.75 ",single,tertiary,no,no,cellular,123,1,unknown,no
Bernadette  Page,Female,30,California,White Collar,21.Aug.2017,"$81,713.64 ",single,primary,yes,yes,cellular,172,4,unknown,no
Brooke  Horton,Male,44,California,White Collar,21.Aug.2017,"$41,302.45 ",single,primary,yes,yes,cellular,178,1,unknown,no
Jaime  Pearson,Male,36,California,Other,21.Aug.2017,"$110,485.87 ",married,secondary,yes,yes,cellular,230,1,unknown,no
Cassandra  Franklin,Female,34,California,White Collar,21.Aug.2017,"$37,054.60 ",married,secondary,yes,no,unknown,89,3,unknown,no
Allan  Ramos,Male,31,California,White Collar,21.Aug.2017,"$135,462.43 ",divorced,secondary,yes,no,unknown,118,4,unknown,no
Woodrow  Colon,Female,32,California,White Collar,21.Aug.2017,"$129,686.24 ",married,secondary,yes,no,cellular,143,2,unknown,no
Cecilia  Manning,Male,48,California,White Collar,21.Aug.2017,"$76,419.88 ",single,tertiary,yes,no,unknown,7,1,unknown,no
Isabel  Cross,Female,33,California,White Collar,21.Aug.2017,"$7,289.07 ",single,secondary,yes,no,unknown,104,2,unknown,no
Ernest  Davis,Male,58,Nevada,Blue Collar,21.Aug.2017,"$153,061.39 ",divorced,primary,no,yes,unknown,220,2,unknown,no
Christina  Fuller,Male,48,Nevada,Blue Collar,21.Aug.2017,"$6,511.21 ",divorced,tertiary,no,no,unknown,85,2,unknown,no
Christina  Fuller,Female,47,Nevada,Other,21.Aug.2017,"$96,924.07 ",single,secondary,no,no,cellular,91,3,unknown,yes
Max  Rodgers,Female,55,Nevada,Other,21.Aug.2017,"$69,942.64 ",married,tertiary,yes,no,cellular,19,8,unknown,no
Elvira  Bowman,Female,38,Wyoming,White Collar,21.Aug.2017,"$10,668.40 ",married,secondary,no,no,cellular,574,1,success,yes
Don  Gonzales,Male,33,Wyoming,Other,21.Aug.2017,"$38,364.43 ",single,tertiary,yes,no,cellular,49,1,unknown,no
Shari  Silva,Male,38,Wyoming,Blue Collar,21.Aug.2017,"$6,579.39 ",married,secondary,yes,yes,cellular,171,2,other,no
Lula  Daniels,Female,33,Wyoming,Other,21.Aug.2017,"$111,310.43 ",single,tertiary,no,no,cellular,258,1,failure,yes
Ben  Perez,Male,37,Wyoming,Blue Collar,21.Aug.2017,"$54,822.19 ",married,unknown,yes,no,cellular,41,2,unknown,no
Cassandra  Franklin,Female,41,Oregon,White Collar,21.Aug.2017,"$85,338.73 ",married,tertiary,yes,no,cellular,83,1,unknown,no
Felicia  Jennings,Female,52,California,Blue Collar,22.Aug.2017,"$40,758.72 ",single,secondary,no,no,telephone,95,1,unknown,no
Eric  Rose,Male,29,California,Blue Collar,22.Aug.2017,"$95,300.22 ",divorced,secondary,yes,no,unknown,78,2,unknown,no
Patty  Thompson,Female,28,California,White Collar,22.Aug.2017,"$32,596.79 ",divorced,secondary,yes,no,cellular,134,1,failure,no
Robert  Munoz,Female,43,California,Other,22.Aug.2017,"$131,759.21 ",single,tertiary,yes,no,cellular,215,1,unknown,yes
Cassandra  Franklin,Male,43,California,White Collar,22.Aug.2017,"$155,475.22 ",single,secondary,no,no,cellular,226,2,unknown,yes
Brooke  Horton,Female,41,California,White Collar,22.Aug.2017,"$11,339.55 ",single,secondary,yes,no,cellular,1275,1,unknown,yes
Brooke  Horton,Male,51,Nevada,Other,22.Aug.2017,"$31,313.55 ",married,secondary,no,yes,unknown,66,1,other,no
Della  Jensen,Female,44,Nevada,Other,22.Aug.2017,"$33,970.07 ",married,tertiary,yes,no,cellular,196,3,unknown,no
Carla  Mccormick,Male,50,Nevada,White Collar,22.Aug.2017,"$97,660.76 ",married,secondary,yes,no,cellular,229,2,unknown,yes
Isabel  Cross,Male,34,Nevada,White Collar,22.Aug.2017,"$18,113.69 ",married,primary,yes,yes,unknown,241,2,unknown,no
Edwin  Malone,Male,41,Nevada,Blue Collar,22.Aug.2017,"$58,581.40 ",single,tertiary,no,no,cellular,354,2,unknown,no
Charlie  Wood,Male,34,California,Blue Collar,23.Aug.2017,"$31,627.15 ",single,secondary,yes,no,cellular,471,3,unknown,no
Elaine  Ellis,Female,38,California,White Collar,23.Aug.2017,"$74,037.37 ",married,secondary,no,yes,cellular,90,2,failure,no
Cassandra  Franklin,Male,32,California,Blue Collar,23.Aug.2017,"$15,281.61 ",married,primary,no,no,unknown,58,8,unknown,no
Edwin  Malone,Male,23,California,White Collar,23.Aug.2017,"$98,566.37 ",married,secondary,yes,no,unknown,379,2,unknown,no
Rachel  Gomez,Male,26,California,White Collar,23.Aug.2017,"$11,469.12 ",married,primary,no,no,unknown,12,5,unknown,no
Marion  Glover,Female,41,California,White Collar,23.Aug.2017,"$29,910.37 ",single,tertiary,no,yes,cellular,67,1,unknown,no
Ruben  Nunez,Female,30,California,Blue Collar,23.Aug.2017,"$169,450.88 ",married,primary,no,no,unknown,165,7,unknown,no
Robert  Munoz,Female,25,California,Blue Collar,23.Aug.2017,"$71,411.91 ",married,secondary,yes,no,cellular,1032,3,failure,yes
Joey  Wong,Male,34,California,Blue Collar,23.Aug.2017,"$116,926.94 ",single,secondary,yes,no,unknown,84,3,unknown,no
Donna  Reid,Male,29,California,White Collar,23.Aug.2017,"$73,021.06 ",married,secondary,no,no,cellular,393,4,unknown,no
Kyle  Carr,Female,28,California,White Collar,23.Aug.2017,"$18,036.04 ",married,secondary,yes,no,cellular,808,1,unknown,no
Pauline  Beck,Male,36,California,Blue Collar,23.Aug.2017,"$5,508.48 ",married,primary,yes,no,unknown,923,3,unknown,no
Christy  Olson,Male,46,California,White Collar,23.Aug.2017,"$7,292.79 ",divorced,secondary,no,no,cellular,63,6,unknown,no
Cecilia  Manning,Male,37,California,Other,23.Aug.2017,"$9,836.21 ",single,secondary,no,no,cellular,274,1,unknown,no
Cassandra  Franklin,Male,38,California,White Collar,23.Aug.2017,"$18,959.00 ",married,primary,yes,no,cellular,84,4,unknown,no
Don  Gonzales,Female,29,California,White Collar,23.Aug.2017,"$66,186.00 ",married,tertiary,no,no,cellular,78,3,unknown,yes
Isabel  Cross,Female,30,California,Other,23.Aug.2017,"$108,767.04 ",married,unknown,no,no,unknown,41,7,unknown,no
Billie  Chandler,Male,30,California,Other,23.Aug.2017,"$18,874.90 ",single,secondary,yes,no,cellular,317,1,failure,yes
Cassandra  Franklin,Female,38,California,White Collar,23.Aug.2017,"$12,058.34 ",married,tertiary,yes,no,cellular,138,1,unknown,no
Bethany  Pena,Male,47,California,White Collar,23.Aug.2017,"$172,718.90 ",married,secondary,no,no,cellular,88,4,unknown,no
Rachel  Gomez,Female,60,Nevada,Other,23.Aug.2017,"$3,770.16 ",married,primary,yes,no,unknown,413,2,unknown,no
Jaime  Pearson,Male,46,Nevada,Other,23.Aug.2017,"$50,617.97 ",married,tertiary,yes,no,cellular,139,1,unknown,no
Della  Jensen,Male,61,Nevada,Blue Collar,23.Aug.2017,"$11,927.19 ",married,primary,no,no,cellular,82,2,unknown,no
Pauline  Beck,Female,59,Nevada,Other,23.Aug.2017,"$20,459.67 ",married,secondary,yes,no,cellular,12,6,unknown,no
Kyle  Carr,Male,43,Nevada,Blue Collar,23.Aug.2017,"$119,684.94 ",single,secondary,yes,no,cellular,221,1,success,yes
Andrew  Meyer,Male,53,Nevada,Blue Collar,23.Aug.2017,"$67,138.96 ",married,secondary,no,no,unknown,38,1,unknown,no
Sandra  Floyd,Male,52,Nevada,Blue Collar,23.Aug.2017,"$70,474.94 ",divorced,tertiary,no,yes,cellular,661,1,unknown,no
Brooke  Horton,Female,35,Wyoming,White Collar,23.Aug.2017,"$78,578.78 ",married,primary,no,no,telephone,388,1,unknown,yes
Paulette  Spencer,Female,33,Wyoming,White Collar,23.Aug.2017,"$84,386.06 ",married,tertiary,yes,no,cellular,151,7,unknown,no
Rachel  Gomez,Female,18,Wyoming,White Collar,23.Aug.2017,"$57,405.01 ",married,tertiary,no,no,cellular,140,8,unknown,no
Colleen  Warren,Male,18,Wyoming,White Collar,23.Aug.2017,"$65,342.96 ",married,primary,no,no,cellular,124,1,unknown,no
Max  Rodgers,Female,19,Wyoming,White Collar,23.Aug.2017,"$22,801.84 ",married,secondary,no,yes,cellular,200,1,unknown,no
Nellie  Joseph,Female,34,Wyoming,Blue Collar,23.Aug.2017,"$73,453.55 ",single,secondary,no,no,cellular,101,3,unknown,no
Bernadette  Page,Male,37,Wyoming,White Collar,23.Aug.2017,"$51,996.55 ",married,primary,no,yes,cellular,261,12,unknown,no
Brooke  Horton,Male,44,Wyoming,White Collar,23.Aug.2017,"$12,130.72 ",single,tertiary,no,no,cellular,176,2,unknown,no
Shari  Silva,Male,29,Wyoming,Other,23.Aug.2017,"$23,524.16 ",married,tertiary,yes,no,unknown,209,12,unknown,no
Lula  Daniels,Female,41,Wyoming,White Collar,23.Aug.2017,"$17,913.54 ",married,secondary,yes,no,cellular,223,1,failure,yes
Ruben  Nunez,Female,48,Wyoming,White Collar,23.Aug.2017,"$55,144.18 ",single,tertiary,yes,no,cellular,38,1,other,no
Willie  Vega,Female,46,Wyoming,White Collar,23.Aug.2017,"$24,227.51 ",single,tertiary,no,no,telephone,541,1,failure,no
Jaime  Pearson,Female,26,Oregon,Blue Collar,23.Aug.2017,"$98,504.55 ",divorced,secondary,yes,no,unknown,84,1,unknown,no
Willie  Vega,Female,30,Oregon,Other,23.Aug.2017,"$77,597.13 ",married,tertiary,no,no,cellular,602,9,unknown,no
Rachel  Gomez,Female,36,Oregon,White Collar,23.Aug.2017,"$56,554.39 ",married,secondary,no,no,cellular,26,11,unknown,no
Salvador  Bass,Male,29,California,Other,24.Aug.2017,"$76,048.16 ",single,tertiary,no,no,cellular,328,2,success,yes
Della  Jensen,Male,28,California,Other,24.Aug.2017,"$8,977.69 ",married,secondary,yes,no,unknown,762,3,unknown,yes
Jaime  Pearson,Male,20,California,White Collar,24.Aug.2017,"$146,656.93 ",married,tertiary,yes,no,cellular,107,4,unknown,no
Andrew  Meyer,Female,47,California,White Collar,24.Aug.2017,"$4,090.04 ",single,secondary,yes,no,unknown,46,5,unknown,no
Cecilia  Manning,Male,38,California,White Collar,24.Aug.2017,"$73,390.94 ",married,primary,no,no,cellular,128,6,unknown,no
Joey  Wong,Female,36,California,Other,24.Aug.2017,"$13,590.93 ",single,tertiary,yes,no,unknown,360,5,unknown,no
Tiffany  May,Female,31,California,Blue Collar,24.Aug.2017,"$35,747.69 ",married,secondary,yes,no,cellular,524,1,success,yes
Lorraine  Gibson,Male,50,Nevada,Blue Collar,24.Aug.2017,"$18,819.97 ",married,secondary,yes,yes,unknown,128,3,unknown,no
Max  Rodgers,Male,54,Nevada,Other,24.Aug.2017,"$65,957.16 ",single,tertiary,no,no,cellular,310,2,other,no
Lance  Yates,Male,57,Nevada,Blue Collar,24.Aug.2017,"$114,258.70 ",married,secondary,no,no,cellular,819,10,unknown,yes
Max  Rodgers,Male,52,Nevada,Other,24.Aug.2017,"$56,442.33 ",single,secondary,no,no,cellular,202,1,failure,no
Eddie  Green,Female,57,Nevada,Blue Collar,24.Aug.2017,"$47,497.73 ",single,secondary,no,no,unknown,144,2,unknown,no
Shari  Silva,Male,41,Wyoming,Blue Collar,24.Aug.2017,"$83,944.93 ",married,secondary,yes,no,cellular,311,1,unknown,no
Woodrow  Colon,Female,29,Oregon,Other,24.Aug.2017,"$48,444.40 ",single,tertiary,yes,no,cellular,415,4,failure,yes
Della  Jensen,Female,28,Oregon,Other,24.Aug.2017,"$38,124.03 ",single,secondary,yes,no,unknown,93,8,unknown,no
Brooke  Horton,Male,26,California,Other,25.Aug.2017,"$87,992.25 ",married,unknown,yes,no,unknown,101,1,unknown,no
Robert  Munoz,Male,27,California,White Collar,25.Aug.2017,"$2,068.88 ",single,secondary,yes,no,unknown,72,1,unknown,no
Max  Rodgers,Female,37,California,Other,25.Aug.2017,"$47,320.96 ",married,tertiary,yes,no,cellular,282,1,unknown,no
Guillermo  Potter,Female,47,California,White Collar,25.Aug.2017,"$112,434.94 ",married,tertiary,yes,no,unknown,210,2,unknown,no
Cassandra  Franklin,Male,34,California,White Collar,25.Aug.2017,"$65,178.70 ",married,unknown,no,no,cellular,369,1,unknown,no
Colleen  Warren,Male,51,Nevada,Blue Collar,25.Aug.2017,"$58,007.25 ",single,tertiary,no,no,cellular,125,6,unknown,no
Felicia  Jennings,Male,52,Nevada,Blue Collar,25.Aug.2017,"$4,168.39 ",married,tertiary,no,no,unknown,301,6,unknown,no
Ivan  Adkins,Female,49,Nevada,White Collar,25.Aug.2017,"$59,032.34 ",married,secondary,no,no,cellular,14,14,unknown,no
Rachel  Gomez,Female,36,Nevada,Other,25.Aug.2017,"$50,173.27 ",married,unknown,yes,no,unknown,57,3,unknown,no
Shari  Silva,Female,37,Wyoming,White Collar,25.Aug.2017,"$155,843.48 ",married,tertiary,no,no,cellular,420,1,unknown,no
Elbert  Klein,Female,36,Wyoming,White Collar,25.Aug.2017,"$56,095.90 ",single,tertiary,yes,no,cellular,638,1,success,no
Joey  Wong,Female,23,Oregon,Other,25.Aug.2017,"$122,728.52 ",divorced,tertiary,no,no,unknown,137,2,unknown,no
Cassandra  Franklin,Male,34,California,Other,26.Aug.2017,"$40,371.00 ",married,tertiary,no,no,cellular,557,7,unknown,no
Brooke  Horton,Male,31,California,White Collar,26.Aug.2017,"$18,995.97 ",single,secondary,yes,no,unknown,66,2,unknown,no
Nellie  Joseph,Male,28,California,White Collar,26.Aug.2017,"$123,674.24 ",married,tertiary,yes,no,unknown,206,1,unknown,no
Della  Jensen,Female,29,California,Other,26.Aug.2017,"$41,317.52 ",married,secondary,yes,no,unknown,19,14,unknown,no
Ruben  Nunez,Female,28,California,White Collar,26.Aug.2017,"$212,628.18 ",married,secondary,no,no,cellular,166,2,unknown,no
Jenny  Garcia,Male,28,California,White Collar,26.Aug.2017,"$69,793.21 ",single,secondary,yes,no,cellular,102,1,failure,no
Della  Jensen,Male,28,California,Blue Collar,26.Aug.2017,"$52,213.97 ",married,tertiary,yes,no,unknown,46,2,unknown,no
Elbert  Klein,Female,39,California,Other,26.Aug.2017,"$26,888.24 ",married,secondary,yes,no,unknown,126,1,unknown,no
Eddie  Green,Female,40,California,White Collar,26.Aug.2017,"$91,661.76 ",married,secondary,yes,no,unknown,161,1,unknown,no
Mable  Lindsey,Male,42,Nevada,Blue Collar,26.Aug.2017,"$55,030.18 ",married,secondary,yes,no,cellular,355,1,unknown,no
Christy  Olson,Female,53,Nevada,Other,26.Aug.2017,"$56,124.24 ",married,secondary,yes,no,unknown,40,2,unknown,no
Ruben  Nunez,Male,35,Wyoming,White Collar,26.Aug.2017,"$30,952.27 ",married,primary,yes,no,cellular,143,1,unknown,no
Sandra  Floyd,Male,27,Oregon,Blue Collar,26.Aug.2017,"$9,589.76 ",divorced,secondary,yes,yes,cellular,133,2,unknown,no
Beth  Tucker,Female,37,Oregon,White Collar,26.Aug.2017,"$32,571.39 ",divorced,secondary,yes,yes,unknown,185,2,unknown,no
Lula  Daniels,Male,36,California,Blue Collar,27.Aug.2017,"$17,526.43 ",single,secondary,no,no,unknown,22,12,unknown,no
Max  Rodgers,Male,44,California,White Collar,27.Aug.2017,"$4,053.43 ",married,secondary,no,no,cellular,184,7,unknown,no
Ruben  Nunez,Male,25,California,White Collar,27.Aug.2017,"$16,694.96 ",single,secondary,no,no,cellular,78,2,unknown,no
Trevor  Jones,Male,39,California,White Collar,27.Aug.2017,"$26,021.06 ",married,tertiary,no,no,cellular,125,4,unknown,no
Drew  Rogers,Male,27,California,Blue Collar,27.Aug.2017,"$7,490.54 ",married,tertiary,no,no,unknown,189,2,unknown,no
Felicia  Jennings,Male,34,California,White Collar,27.Aug.2017,"$86,438.15 ",married,tertiary,yes,no,unknown,300,1,unknown,no
Lorraine  Gibson,Female,41,California,Blue Collar,27.Aug.2017,"$64,623.04 ",married,secondary,yes,no,unknown,396,1,unknown,no
Don  Gonzales,Female,29,California,White Collar,27.Aug.2017,"$32,054.43 ",single,secondary,yes,no,unknown,340,3,unknown,no
Christy  Olson,Female,38,California,White Collar,27.Aug.2017,"$63,903.24 ",single,secondary,yes,no,telephone,55,2,unknown,no
Herman  Williams,Male,33,California,Other,27.Aug.2017,"$20,448.39 ",married,secondary,yes,no,cellular,238,6,unknown,no
Dan  Peterson,Male,35,California,Other,27.Aug.2017,"$166,285.22 ",married,tertiary,no,no,cellular,172,3,failure,no
Tracy  Reed,Female,54,Nevada,Other,27.Aug.2017,"$25,485.82 ",married,tertiary,no,no,unknown,36,3,unknown,no
Salvador  Bass,Female,47,Nevada,White Collar,27.Aug.2017,"$22,912.94 ",married,tertiary,no,no,cellular,303,2,unknown,no
Beth  Tucker,Female,54,Nevada,Other,27.Aug.2017,"$55,236.60 ",married,secondary,no,no,cellular,417,3,unknown,no
Ellen  Weaver,Male,33,Nevada,Other,27.Aug.2017,"$56,345.31 ",married,unknown,yes,no,unknown,162,3,unknown,no
Elbert  Klein,Male,53,Nevada,Other,27.Aug.2017,"$109,636.93 ",married,secondary,yes,no,cellular,10,9,failure,no
Rachel  Gomez,Male,36,Wyoming,White Collar,27.Aug.2017,"$157,371.07 ",single,secondary,yes,no,cellular,99,1,unknown,no
Woodrow  Colon,Male,39,Wyoming,White Collar,27.Aug.2017,"$48,402.67 ",divorced,secondary,no,no,unknown,32,3,unknown,no
Isabel  Cross,Female,32,Oregon,White Collar,27.Aug.2017,"$67,550.43 ",married,tertiary,yes,no,cellular,308,3,unknown,no
Trevor  Jones,Female,35,Oregon,Blue Collar,27.Aug.2017,"$26,785.30 ",married,tertiary,no,no,cellular,298,3,unknown,no
Cecilia  Manning,Female,25,Oregon,Other,27.Aug.2017,"$44,244.27 ",married,secondary,no,no,cellular,92,4,unknown,no
Cindy  Becker,Male,35,Oregon,White Collar,27.Aug.2017,"$39,268.79 ",married,secondary,no,yes,cellular,288,12,unknown,no
Salvador  Bass,Male,33,Oregon,White Collar,27.Aug.2017,"$30,016.40 ",married,secondary,yes,no,cellular,130,1,other,no
Jenny  Garcia,Male,38,California,Other,28.Aug.2017,"$74,043.96 ",married,secondary,yes,no,cellular,255,2,unknown,no
Robert  Munoz,Male,27,California,White Collar,28.Aug.2017,"$58,947.76 ",divorced,secondary,yes,yes,cellular,167,5,unknown,no
Elbert  Klein,Female,29,California,White Collar,28.Aug.2017,"$144,286.75 ",married,secondary,yes,no,cellular,64,3,other,no
Cindy  Becker,Female,38,California,Other,28.Aug.2017,"$77,939.00 ",married,unknown,no,yes,cellular,166,2,unknown,no
Max  Rodgers,Female,34,California,White Collar,28.Aug.2017,"$223,408.07 ",married,tertiary,no,no,cellular,657,7,unknown,yes
Edwin  Malone,Male,35,California,Other,28.Aug.2017,"$30,998.64 ",divorced,secondary,yes,yes,unknown,434,4,unknown,no
Don  Gonzales,Male,34,California,White Collar,28.Aug.2017,"$38,729.82 ",single,secondary,no,no,cellular,75,1,unknown,no
Nellie  Joseph,Male,62,Nevada,Other,28.Aug.2017,"$114,689.42 ",married,primary,no,no,telephone,40,1,unknown,no
Rachel  Gomez,Male,47,Nevada,Blue Collar,28.Aug.2017,"$123,986.52 ",married,secondary,no,no,cellular,398,2,unknown,no
Trevor  Jones,Female,59,Nevada,Blue Collar,28.Aug.2017,"$21,743.63 ",married,tertiary,yes,no,cellular,163,2,failure,no
Max  Rodgers,Female,52,Nevada,Other,28.Aug.2017,"$73,439.18 ",married,secondary,yes,yes,cellular,137,8,unknown,no
Paulette  Spencer,Male,29,Wyoming,White Collar,28.Aug.2017,"$95,807.30 ",married,secondary,yes,no,unknown,257,3,unknown,no
Paulette  Spencer,Female,34,California,White Collar,29.Aug.2017,"$78,659.09 ",single,secondary,yes,no,cellular,231,2,failure,no
Sandra  Floyd,Female,36,California,Other,29.Aug.2017,"$15,009.03 ",single,tertiary,no,yes,unknown,192,1,unknown,no
Nellie  Joseph,Male,27,California,White Collar,29.Aug.2017,"$47,218.43 ",divorced,secondary,no,yes,cellular,186,1,unknown,no
Max  Rodgers,Female,37,California,White Collar,29.Aug.2017,"$10,976.51 ",married,primary,yes,no,cellular,226,1,other,no
Charlie  Wood,Female,41,California,White Collar,29.Aug.2017,"$27,976.76 ",married,tertiary,yes,no,cellular,67,1,unknown,no
Shari  Silva,Male,58,Nevada,Other,29.Aug.2017,"$16,093.49 ",married,tertiary,no,no,cellular,205,2,unknown,no
Trevor  Jones,Male,53,Nevada,White Collar,29.Aug.2017,"$64,441.01 ",single,primary,yes,no,cellular,14,1,unknown,no
Charlie  Wood,Male,24,Nevada,Other,29.Aug.2017,"$15,476.06 ",divorced,tertiary,no,no,cellular,488,1,unknown,yes
Max  Rodgers,Female,38,Wyoming,White Collar,29.Aug.2017,"$34,787.22 ",married,secondary,yes,no,unknown,50,3,unknown,no
Rachel  Gomez,Female,34,Wyoming,White Collar,29.Aug.2017,"$146,169.49 ",married,primary,no,no,cellular,312,1,unknown,no
Sonya  Mullins,Female,32,Wyoming,Blue Collar,29.Aug.2017,"$49,561.64 ",divorced,secondary,yes,no,cellular,163,3,unknown,no
Iris  Underwood,Female,29,Wyoming,White Collar,29.Aug.2017,"$37,385.12 ",single,secondary,yes,no,unknown,76,2,unknown,no
Salvador  Bass,Male,33,Wyoming,Other,29.Aug.2017,"$143,033.51 ",divorced,primary,no,no,cellular,150,1,unknown,no
Elvira  Bowman,Male,35,Wyoming,Other,29.Aug.2017,"$117,543.31 ",married,secondary,yes,no,cellular,244,2,unknown,no
Cindy  Becker,Female,45,Oregon,Other,29.Aug.2017,"$132,206.30 ",married,tertiary,no,no,cellular,207,1,unknown,yes
Jenny  Garcia,Female,30,California,White Collar,30.Aug.2017,"$67,949.40 ",single,secondary,yes,yes,cellular,113,1,unknown,no
Jenny  Garcia,Female,31,California,White Collar,30.Aug.2017,"$66,530.79 ",married,secondary,yes,no,cellular,1309,4,unknown,yes
Max  Rodgers,Female,29,California,White Collar,30.Aug.2017,"$80,855.82 ",single,secondary,no,no,cellular,72,6,unknown,no
Herman  Williams,Male,33,California,Other,30.Aug.2017,"$64,884.55 ",married,primary,yes,no,cellular,551,1,failure,no
Salvador  Bass,Female,32,California,White Collar,30.Aug.2017,"$77,981.04 ",married,tertiary,no,no,unknown,163,3,unknown,no
Tiffany  May,Male,30,California,White Collar,30.Aug.2017,"$52,057.88 ",divorced,tertiary,yes,no,cellular,179,10,unknown,no
Trevor  Jones,Male,31,California,White Collar,30.Aug.2017,"$87,926.01 ",married,primary,yes,no,cellular,217,2,unknown,no
Iris  Underwood,Male,33,California,White Collar,30.Aug.2017,"$143,912.57 ",married,secondary,yes,no,unknown,88,1,unknown,no
Isabel  Cross,Female,30,California,White Collar,30.Aug.2017,"$85,571.31 ",single,secondary,yes,yes,unknown,21,1,unknown,no
Edwin  Malone,Female,27,Wyoming,Other,30.Aug.2017,"$60,980.28 ",single,tertiary,no,no,cellular,142,1,unknown,yes
Isabel  Cross,Female,30,Wyoming,White Collar,30.Aug.2017,"$103,211.85 ",single,secondary,no,no,cellular,1056,1,unknown,no
Elvira  Bowman,Female,47,Wyoming,White Collar,30.Aug.2017,"$5,730.66 ",divorced,tertiary,yes,no,cellular,72,1,other,no
Salvador  Bass,Male,57,Wyoming,Other,30.Aug.2017,"$103,403.96 ",married,secondary,yes,no,unknown,411,1,unknown,no
Willie  Vega,Female,35,California,White Collar,31.Aug.2017,"$7,088.43 ",married,secondary,yes,no,unknown,145,1,unknown,no
Brooke  Horton,Male,40,California,White Collar,31.Aug.2017,"$123,377.69 ",married,secondary,yes,no,cellular,80,2,unknown,no
Jenny  Garcia,Male,26,California,Other,31.Aug.2017,"$86,003.87 ",married,secondary,yes,no,unknown,344,1,unknown,no
Mable  Lindsey,Male,35,California,White Collar,31.Aug.2017,"$29,372.66 ",single,secondary,yes,no,cellular,128,1,unknown,no
Jaime  Pearson,Female,36,California,White Collar,31.Aug.2017,"$3,829.52 ",married,secondary,yes,no,cellular,412,1,success,yes
Herman  Williams,Female,28,California,White Collar,31.Aug.2017,"$31,184.82 ",single,secondary,yes,yes,cellular,908,3,other,no
Drew  Rogers,Female,36,California,White Collar,31.Aug.2017,"$91,527.90 ",married,secondary,yes,no,cellular,819,4,unknown,no
Don  Gonzales,Male,40,Nevada,Blue Collar,31.Aug.2017,"$148,661.78 ",married,tertiary,no,no,cellular,210,2,unknown,no
Sylvester  Morales,Male,48,Nevada,White Collar,31.Aug.2017,"$82,700.10 ",married,secondary,no,no,telephone,165,3,other,no
Rachel  Gomez,Female,48,Nevada,Other,31.Aug.2017,"$59,528.04 ",married,secondary,no,no,cellular,118,8,unknown,no
Joey  Wong,Male,59,Nevada,Other,31.Aug.2017,"$74,907.87 ",married,primary,yes,yes,cellular,159,1,failure,no
Shari  Silva,Male,55,Nevada,Blue Collar,31.Aug.2017,"$107,157.75 ",married,tertiary,no,yes,cellular,618,1,unknown,no
Max  Rodgers,Male,46,Nevada,Other,31.Aug.2017,"$25,136.90 ",single,unknown,no,no,cellular,102,2,other,no
Isabel  Cross,Male,23,Wyoming,Blue Collar,31.Aug.2017,"$101,766.06 ",divorced,secondary,yes,no,cellular,89,1,failure,no
Della  Jensen,Female,26,Wyoming,Other,31.Aug.2017,"$46,309.51 ",married,secondary,no,no,cellular,401,2,unknown,yes
Cassandra  Franklin,Male,42,Wyoming,White Collar,31.Aug.2017,"$120,777.76 ",married,primary,no,no,cellular,200,3,unknown,no
Patty  Thompson,Male,40,California,Blue Collar,01.Sep.2017,"$56,435.43 ",married,unknown,yes,no,cellular,152,5,unknown,no
Nellie  Joseph,Male,46,California,White Collar,01.Sep.2017,"$70,684.84 ",single,secondary,no,no,cellular,203,1,failure,no
Ernest  Davis,Female,41,California,White Collar,01.Sep.2017,"$37,203.28 ",single,primary,yes,no,cellular,827,2,unknown,yes
Herman  Williams,Female,31,California,Blue Collar,01.Sep.2017,"$57,281.51 ",married,secondary,yes,no,unknown,735,1,unknown,no
Don  Gonzales,Female,37,California,Blue Collar,01.Sep.2017,"$110,802.75 ",single,secondary,yes,yes,unknown,185,6,unknown,no
Salvador  Bass,Male,36,California,White Collar,01.Sep.2017,"$21,938.34 ",married,secondary,no,no,unknown,149,1,unknown,no
Joey  Wong,Female,44,California,Other,01.Sep.2017,"$78,535.57 ",married,tertiary,no,yes,cellular,303,2,unknown,no
Peter  Hodges,Male,19,California,White Collar,01.Sep.2017,"$113,302.78 ",married,tertiary,yes,no,unknown,71,2,unknown,no
Sandra  Floyd,Male,25,California,White Collar,01.Sep.2017,"$116,446.72 ",single,secondary,yes,no,cellular,445,2,failure,no
Edwin  Malone,Female,44,Nevada,Other,01.Sep.2017,"$4,176.54 ",single,secondary,yes,no,cellular,232,2,unknown,no
Tracy  Reed,Male,32,Wyoming,White Collar,01.Sep.2017,"$16,010.64 ",married,secondary,yes,no,cellular,144,5,failure,no
Carla  Mccormick,Female,34,Wyoming,White Collar,01.Sep.2017,"$74,415.96 ",married,tertiary,no,no,cellular,209,2,unknown,no
Mable  Lindsey,Male,40,California,White Collar,02.Sep.2017,"$159,894.76 ",divorced,secondary,yes,no,cellular,691,2,failure,yes
Felicia  Jennings,Female,33,California,White Collar,02.Sep.2017,"$21,343.94 ",married,unknown,yes,no,unknown,415,1,unknown,no
Max  Rodgers,Female,34,California,White Collar,02.Sep.2017,"$160,224.63 ",single,secondary,yes,no,cellular,273,5,unknown,no
Woodrow  Colon,Female,62,Nevada,Other,02.Sep.2017,"$129,268.28 ",married,tertiary,no,no,telephone,376,2,unknown,yes
Marion  Glover,Male,47,Nevada,Blue Collar,02.Sep.2017,"$88,896.22 ",married,secondary,yes,no,cellular,37,10,unknown,no
Paulette  Spencer,Male,41,Nevada,Blue Collar,02.Sep.2017,"$52,216.07 ",single,tertiary,yes,yes,cellular,148,2,unknown,no
Joey  Wong,Female,35,Wyoming,Blue Collar,02.Sep.2017,"$62,562.37 ",married,secondary,no,no,cellular,57,2,unknown,no
Della  Jensen,Female,34,California,White Collar,03.Sep.2017,"$142,420.91 ",divorced,secondary,yes,no,unknown,461,3,unknown,no
Pauline  Beck,Female,39,California,Blue Collar,03.Sep.2017,"$80,664.09 ",married,unknown,no,no,unknown,198,6,unknown,no
Mable  Lindsey,Male,33,California,White Collar,03.Sep.2017,"$35,856.91 ",single,secondary,no,no,cellular,327,4,unknown,no
Elbert  Klein,Male,36,California,White Collar,03.Sep.2017,"$14,596.72 ",single,tertiary,no,no,cellular,669,6,unknown,no
Mable  Lindsey,Male,32,California,White Collar,03.Sep.2017,"$47,283.81 ",married,tertiary,no,no,cellular,165,1,unknown,no
Bernadette  Page,Female,24,California,White Collar,03.Sep.2017,"$106,190.72 ",married,tertiary,no,no,cellular,58,2,unknown,no
Joey  Wong,Male,50,Nevada,Other,03.Sep.2017,"$101,411.27 ",single,tertiary,no,no,cellular,1473,1,unknown,yes
Sandra  Floyd,Male,50,Nevada,Other,03.Sep.2017,"$9,551.90 ",single,unknown,no,no,cellular,123,3,unknown,no
Shari  Silva,Male,60,Nevada,Blue Collar,03.Sep.2017,"$10,389.07 ",single,tertiary,yes,no,unknown,289,1,unknown,no
Don  Gonzales,Male,43,Nevada,Blue Collar,03.Sep.2017,"$125,287.40 ",single,secondary,no,yes,cellular,239,5,unknown,no
Herman  Williams,Female,50,Nevada,Other,03.Sep.2017,"$72,038.46 ",married,secondary,no,no,cellular,1386,1,unknown,no
Mable  Lindsey,Female,59,Nevada,Other,03.Sep.2017,"$149,207.94 ",single,tertiary,no,no,cellular,294,2,other,yes
Marian  Hill,Female,28,Oregon,Other,03.Sep.2017,"$46,495.75 ",married,tertiary,yes,no,cellular,910,2,success,yes
Isabel  Cross,Male,43,California,White Collar,04.Sep.2017,"$9,738.27 ",divorced,primary,yes,no,unknown,550,7,unknown,no
Salvador  Bass,Male,33,California,White Collar,04.Sep.2017,"$1,017.88 ",divorced,tertiary,yes,no,cellular,75,1,unknown,no
Johanna  Boone,Female,36,California,White Collar,04.Sep.2017,"$35,445.97 ",single,secondary,yes,yes,unknown,100,3,unknown,no
Drew  Rogers,Female,38,California,White Collar,04.Sep.2017,"$47,642.72 ",married,tertiary,no,no,cellular,204,4,unknown,no
Della  Jensen,Female,55,Nevada,Other,04.Sep.2017,"$102,780.81 ",married,secondary,yes,no,cellular,155,1,failure,no
Elaine  Ellis,Female,49,Nevada,Other,04.Sep.2017,"$47,022.10 ",married,secondary,yes,no,unknown,46,3,unknown,no
Bobbie  Ryan,Female,33,Wyoming,White Collar,04.Sep.2017,"$33,244.55 ",married,secondary,no,no,telephone,1366,1,failure,no
Joey  Wong,Male,23,California,White Collar,05.Sep.2017,"$58,008.78 ",married,primary,no,no,cellular,609,2,unknown,yes
Fernando  Rowe,Female,24,California,Other,05.Sep.2017,"$4,686.36 ",single,tertiary,no,yes,cellular,1532,2,unknown,yes
Della  Jensen,Male,37,California,White Collar,05.Sep.2017,"$50,362.88 ",single,tertiary,no,no,cellular,226,1,other,yes
Ellen  Weaver,Male,22,California,Blue Collar,05.Sep.2017,"$55,024.39 ",married,tertiary,yes,no,cellular,168,1,unknown,no
Ruben  Nunez,Male,32,California,White Collar,05.Sep.2017,"$28,964.43 ",married,primary,yes,no,cellular,352,1,unknown,yes
Salvador  Bass,Female,29,California,White Collar,05.Sep.2017,"$60,159.57 ",married,secondary,yes,no,cellular,335,6,unknown,no
Bobbie  Ryan,Male,39,California,Blue Collar,05.Sep.2017,"$116,064.39 ",married,tertiary,yes,yes,cellular,74,1,unknown,no
Paulette  Spencer,Female,31,California,White Collar,05.Sep.2017,"$24,465.36 ",married,tertiary,yes,no,cellular,85,1,unknown,no
Shari  Silva,Male,33,California,Blue Collar,05.Sep.2017,"$75,977.34 ",married,secondary,yes,no,unknown,117,1,unknown,no
Max  Rodgers,Female,44,California,White Collar,05.Sep.2017,"$2,397.97 ",single,secondary,yes,yes,cellular,184,1,unknown,no
Drew  Rogers,Female,57,Nevada,Other,05.Sep.2017,"$30,620.79 ",married,secondary,no,no,cellular,72,3,unknown,no
Eric  Rose,Female,31,Wyoming,Other,05.Sep.2017,"$11,254.24 ",divorced,secondary,yes,no,unknown,171,1,unknown,no
Sandra  Floyd,Male,41,Wyoming,White Collar,05.Sep.2017,"$41,237.12 ",married,secondary,yes,no,telephone,44,8,unknown,no
Robert  Munoz,Female,32,Oregon,Other,05.Sep.2017,"$71,857.48 ",single,secondary,no,no,cellular,336,2,unknown,no
Elbert  Klein,Female,35,California,White Collar,06.Sep.2017,"$67,371.03 ",married,primary,no,no,cellular,93,5,unknown,yes
Robert  Munoz,Female,37,California,White Collar,06.Sep.2017,"$70,256.24 ",single,primary,no,no,cellular,332,1,failure,yes
Sylvester  Morales,Male,38,California,White Collar,06.Sep.2017,"$32,484.01 ",single,tertiary,no,no,cellular,398,1,unknown,no
Sandra  Floyd,Female,21,California,White Collar,06.Sep.2017,"$38,042.00 ",married,secondary,yes,yes,unknown,86,2,unknown,no
Lee  Mack,Male,37,California,Other,06.Sep.2017,"$47,854.88 ",married,secondary,no,yes,cellular,45,2,unknown,no
Arturo  Francis,Male,33,California,White Collar,06.Sep.2017,"$28,796.09 ",married,secondary,yes,no,unknown,110,2,unknown,no
Jenny  Garcia,Male,61,Nevada,Blue Collar,06.Sep.2017,"$84,788.46 ",married,primary,yes,yes,telephone,152,3,failure,no
Della  Jensen,Male,52,Nevada,Other,06.Sep.2017,"$113,047.90 ",single,secondary,yes,no,cellular,356,4,unknown,yes
Drew  Rogers,Female,49,Nevada,White Collar,06.Sep.2017,"$4,467.55 ",married,secondary,no,no,unknown,382,3,unknown,no
Billie  Chandler,Male,34,Nevada,Other,06.Sep.2017,"$102,387.93 ",single,tertiary,no,no,cellular,233,1,unknown,no
Johanna  Boone,Female,42,Nevada,Other,06.Sep.2017,"$58,067.12 ",single,secondary,yes,no,unknown,87,1,unknown,no
Salvador  Bass,Male,21,Oregon,White Collar,06.Sep.2017,"$15,294.93 ",divorced,secondary,yes,yes,unknown,387,2,unknown,no
Cassandra  Franklin,Male,31,California,White Collar,07.Sep.2017,"$25,962.60 ",married,secondary,yes,no,cellular,103,1,unknown,no
Johanna  Boone,Female,41,California,White Collar,07.Sep.2017,"$89,655.06 ",single,secondary,no,no,cellular,378,1,unknown,yes
Lee  Mack,Male,50,California,White Collar,07.Sep.2017,"$3,685.87 ",married,primary,no,no,unknown,257,2,unknown,no
Max  Rodgers,Male,36,California,White Collar,07.Sep.2017,"$12,440.27 ",married,tertiary,no,no,cellular,282,1,unknown,no
Lee  Mack,Female,23,California,White Collar,07.Sep.2017,"$25,741.36 ",divorced,secondary,no,no,unknown,176,1,unknown,no
Herman  Williams,Male,41,California,Blue Collar,07.Sep.2017,"$133,381.40 ",married,secondary,yes,no,cellular,24,6,unknown,no
Cassandra  Franklin,Male,40,California,Blue Collar,07.Sep.2017,"$7,620.70 ",single,secondary,yes,no,cellular,766,3,unknown,no
Trevor  Jones,Female,37,California,White Collar,07.Sep.2017,"$63,786.33 ",divorced,secondary,yes,no,cellular,955,2,unknown,yes
Elaine  Ellis,Male,31,California,White Collar,07.Sep.2017,"$104,709.21 ",married,secondary,yes,no,cellular,426,3,unknown,no
Blake  Bridges,Male,29,California,White Collar,07.Sep.2017,"$56,923.45 ",single,tertiary,yes,no,unknown,244,2,unknown,no
Rachel  Gomez,Male,37,Nevada,Blue Collar,07.Sep.2017,"$27,209.57 ",married,tertiary,no,no,telephone,136,1,unknown,no
Rachel  Gomez,Male,54,Nevada,Blue Collar,07.Sep.2017,"$17,254.39 ",married,primary,no,no,cellular,172,1,unknown,no
Isabel  Cross,Female,33,Wyoming,White Collar,07.Sep.2017,"$47,919.24 ",single,tertiary,yes,no,cellular,93,1,failure,no
Cecilia  Manning,Female,43,Wyoming,White Collar,07.Sep.2017,"$117,117.52 ",divorced,secondary,yes,yes,telephone,300,6,success,yes
Rachel  Gomez,Female,35,Wyoming,White Collar,07.Sep.2017,"$66,325.30 ",single,tertiary,no,no,cellular,118,4,failure,no
Blake  Bridges,Female,41,Wyoming,Blue Collar,07.Sep.2017,"$46,002.33 ",married,primary,no,no,unknown,191,2,unknown,no
Joey  Wong,Female,24,Wyoming,White Collar,07.Sep.2017,"$83,470.85 ",divorced,tertiary,yes,yes,unknown,107,2,unknown,no
Marian  Hill,Male,33,Oregon,Other,07.Sep.2017,"$42,807.18 ",married,primary,no,no,telephone,513,2,failure,no
Christy  Olson,Female,41,California,Blue Collar,08.Sep.2017,"$158,062.19 ",single,tertiary,yes,yes,unknown,91,18,unknown,no
Eric  Rose,Male,39,California,Other,08.Sep.2017,"$30,428.94 ",single,secondary,yes,yes,cellular,76,4,unknown,no
Christy  Olson,Female,31,California,White Collar,08.Sep.2017,"$195,098.85 ",married,secondary,yes,no,unknown,1236,2,unknown,no
Jaime  Pearson,Male,34,California,Other,08.Sep.2017,"$11,703.91 ",married,primary,yes,no,unknown,193,5,unknown,no
Peter  Hodges,Male,48,California,White Collar,08.Sep.2017,"$121,915.96 ",married,primary,yes,no,unknown,324,5,unknown,no
Elbert  Klein,Male,53,Nevada,Other,08.Sep.2017,"$16,977.09 ",single,tertiary,no,no,cellular,377,1,unknown,yes
Lee  Mack,Male,42,Nevada,Blue Collar,08.Sep.2017,"$65,322.63 ",married,tertiary,yes,no,cellular,408,1,unknown,no
Rachel  Gomez,Male,37,California,White Collar,09.Sep.2017,"$89,461.88 ",married,primary,yes,no,cellular,246,2,unknown,no
Donna  Reid,Male,37,California,Blue Collar,09.Sep.2017,"$34,090.40 ",single,tertiary,no,no,cellular,58,7,unknown,no
Drew  Rogers,Male,31,California,Blue Collar,09.Sep.2017,"$37,249.33 ",married,primary,yes,no,cellular,196,1,unknown,no
Mable  Lindsey,Male,38,California,White Collar,09.Sep.2017,"$92,953.30 ",married,secondary,yes,yes,cellular,219,4,unknown,no
Patty  Thompson,Male,35,California,White Collar,09.Sep.2017,"$50,503.55 ",married,tertiary,yes,no,cellular,197,1,unknown,no
Pauline  Beck,Male,34,California,Blue Collar,09.Sep.2017,"$54,422.87 ",married,tertiary,yes,no,cellular,257,2,unknown,no
Tracy  Reed,Male,36,California,White Collar,09.Sep.2017,"$69,787.93 ",married,secondary,yes,no,cellular,381,1,failure,no
Ruben  Nunez,Female,39,California,White Collar,09.Sep.2017,"$114,530.48 ",married,secondary,yes,yes,unknown,486,2,unknown,no
Rachel  Gomez,Male,41,California,White Collar,09.Sep.2017,"$37,199.15 ",married,secondary,yes,yes,unknown,162,1,unknown,no
Cassandra  Franklin,Female,56,Nevada,Other,09.Sep.2017,"$21,519.09 ",married,unknown,no,no,unknown,153,1,unknown,no
Christy  Olson,Male,43,Nevada,Blue Collar,09.Sep.2017,"$15,374.21 ",single,secondary,no,no,cellular,809,2,unknown,yes
Isabel  Cross,Male,45,Nevada,Other,09.Sep.2017,"$5,859.94 ",divorced,secondary,yes,no,cellular,50,1,unknown,no
Elvira  Bowman,Male,54,Nevada,Other,09.Sep.2017,"$22,788.61 ",single,secondary,no,no,cellular,39,17,unknown,no
Ellen  Weaver,Male,28,Wyoming,White Collar,09.Sep.2017,"$141,442.27 ",divorced,tertiary,no,no,cellular,131,2,unknown,no
Billie  Chandler,Male,33,Wyoming,Blue Collar,09.Sep.2017,"$181,615.15 ",married,unknown,yes,no,telephone,526,4,other,no
Christy  Olson,Male,29,Oregon,Blue Collar,09.Sep.2017,"$50,170.25 ",single,secondary,yes,no,unknown,172,3,unknown,no
Johanna  Boone,Female,39,Oregon,White Collar,09.Sep.2017,"$114,339.72 ",married,unknown,no,no,cellular,405,1,success,no
Marion  Glover,Male,26,California,Blue Collar,10.Sep.2017,"$22,432.87 ",married,tertiary,no,no,cellular,77,3,unknown,no
Brooke  Horton,Male,26,California,White Collar,10.Sep.2017,"$137,083.75 ",married,primary,yes,no,unknown,158,2,unknown,no
Sylvester  Morales,Female,39,California,White Collar,10.Sep.2017,"$6,204.18 ",single,secondary,yes,no,cellular,146,2,failure,no
Cindy  Becker,Male,34,California,White Collar,10.Sep.2017,"$10,669.31 ",married,primary,no,no,unknown,27,1,unknown,no
Lula  Daniels,Male,41,California,White Collar,10.Sep.2017,"$2,123.87 ",single,unknown,no,no,cellular,105,1,unknown,no
Cassandra  Franklin,Male,27,California,Other,10.Sep.2017,"$15,257.61 ",single,tertiary,yes,no,unknown,119,4,unknown,no
Edwin  Malone,Female,35,California,White Collar,10.Sep.2017,"$69,208.93 ",single,secondary,yes,yes,cellular,327,1,unknown,no
Herman  Williams,Female,48,Nevada,Other,10.Sep.2017,"$59,905.58 ",divorced,secondary,no,yes,cellular,150,2,unknown,no
Bethany  Pena,Male,51,Nevada,Blue Collar,10.Sep.2017,"$41,447.48 ",married,secondary,yes,yes,cellular,482,3,failure,no
Sonya  Mullins,Female,45,Nevada,White Collar,10.Sep.2017,"$63,814.82 ",single,secondary,yes,no,unknown,81,2,unknown,no
Lee  Mack,Male,60,Nevada,Other,10.Sep.2017,"$86,653.46 ",divorced,tertiary,no,no,cellular,1164,2,unknown,yes
Salvador  Bass,Male,63,Nevada,Other,10.Sep.2017,"$79,109.94 ",married,secondary,yes,no,cellular,674,3,unknown,no
Elaine  Ellis,Male,45,Nevada,Other,10.Sep.2017,"$15,630.25 ",married,unknown,yes,no,cellular,347,1,unknown,no
Robert  Munoz,Male,45,Nevada,Blue Collar,10.Sep.2017,"$167,105.28 ",married,primary,yes,no,cellular,712,6,unknown,yes
Max  Rodgers,Male,41,Wyoming,White Collar,10.Sep.2017,"$6,949.51 ",single,secondary,no,no,cellular,48,2,unknown,no
Kyle  Carr,Female,42,California,White Collar,11.Sep.2017,"$109,134.82 ",divorced,tertiary,yes,yes,cellular,279,1,unknown,no
Austin  Reynolds,Female,30,California,White Collar,11.Sep.2017,"$2,744.55 ",single,secondary,yes,no,unknown,236,2,unknown,no
Donna  Reid,Male,26,California,White Collar,11.Sep.2017,"$120,670.34 ",married,secondary,yes,no,cellular,91,2,unknown,no
Pauline  Beck,Male,39,California,White Collar,11.Sep.2017,"$45,484.55 ",married,secondary,yes,yes,cellular,15,8,unknown,no
Lee  Mack,Female,43,California,White Collar,11.Sep.2017,"$86,176.82 ",married,primary,yes,no,cellular,161,1,failure,no
Colleen  Warren,Female,30,California,White Collar,11.Sep.2017,"$18,441.27 ",married,primary,yes,yes,unknown,187,19,unknown,no
Brooke  Horton,Female,40,California,White Collar,11.Sep.2017,"$75,047.82 ",single,tertiary,yes,no,cellular,100,1,failure,no
Felicia  Jennings,Female,28,California,White Collar,11.Sep.2017,"$58,618.10 ",married,secondary,yes,yes,cellular,214,4,unknown,no
Jenny  Garcia,Female,49,California,White Collar,11.Sep.2017,"$2,390.78 ",single,secondary,yes,yes,cellular,406,1,failure,no
Della  Jensen,Male,27,California,Other,11.Sep.2017,"$54,182.55 ",married,secondary,yes,no,cellular,361,1,failure,no
Shari  Silva,Male,51,Nevada,Other,11.Sep.2017,"$24,166.42 ",married,primary,no,no,unknown,30,3,unknown,no
Eddie  Green,Female,49,Nevada,Other,11.Sep.2017,"$92,574.91 ",single,secondary,yes,no,unknown,99,2,unknown,no
Della  Jensen,Male,52,Nevada,Other,11.Sep.2017,"$52,523.24 ",married,secondary,yes,no,unknown,202,2,unknown,no
Robert  Munoz,Male,50,Nevada,Other,11.Sep.2017,"$256,842.52 ",married,primary,yes,no,unknown,318,2,unknown,no
Herman  Williams,Female,53,Nevada,Other,11.Sep.2017,"$84,883.55 ",single,tertiary,no,no,cellular,275,12,unknown,no
Joey  Wong,Female,19,Wyoming,Blue Collar,11.Sep.2017,"$106,023.51 ",married,primary,yes,yes,unknown,59,4,unknown,no
Willie  Vega,Male,18,Oregon,White Collar,11.Sep.2017,"$75,308.54 ",married,tertiary,no,no,cellular,70,4,unknown,no
Robert  Munoz,Female,31,Oregon,Other,11.Sep.2017,"$12,328.67 ",single,secondary,yes,no,cellular,1126,1,failure,no
Trevor  Jones,Female,55,Oregon,Other,11.Sep.2017,"$82,253.76 ",divorced,secondary,no,no,cellular,343,3,unknown,yes
Brooke  Horton,Female,36,Oregon,Blue Collar,11.Sep.2017,"$29,549.90 ",single,tertiary,yes,no,cellular,228,2,failure,yes
Nellie  Joseph,Male,43,California,White Collar,12.Sep.2017,"$17,730.88 ",married,secondary,yes,no,cellular,209,2,unknown,no
Cassandra  Franklin,Male,31,California,Blue Collar,12.Sep.2017,"$13,580.33 ",single,tertiary,yes,no,cellular,709,1,unknown,yes
Herman  Williams,Female,34,California,Blue Collar,12.Sep.2017,"$4,893.60 ",divorced,tertiary,no,no,cellular,275,2,unknown,no
Mable  Lindsey,Female,25,California,White Collar,12.Sep.2017,"$81,983.66 ",married,primary,yes,no,cellular,51,2,failure,no
Elvira  Bowman,Female,38,California,White Collar,12.Sep.2017,"$13,538.39 ",married,secondary,no,yes,unknown,267,1,unknown,no
Bobbie  Ryan,Male,37,California,White Collar,12.Sep.2017,"$48,641.84 ",married,tertiary,no,no,unknown,95,1,unknown,no
Elvira  Bowman,Male,36,California,White Collar,12.Sep.2017,"$68,098.10 ",single,tertiary,no,no,cellular,246,2,unknown,no
Robert  Munoz,Male,51,Nevada,Blue Collar,12.Sep.2017,"$75,565.24 ",married,secondary,no,yes,cellular,46,1,unknown,no
Salvador  Bass,Male,58,Nevada,White Collar,12.Sep.2017,"$208,371.85 ",divorced,tertiary,yes,no,cellular,144,3,unknown,no
Isabel  Cross,Female,44,Nevada,Other,12.Sep.2017,"$28,844.36 ",single,tertiary,no,no,cellular,249,2,unknown,no
Drew  Rogers,Female,52,Nevada,Blue Collar,12.Sep.2017,"$145,684.06 ",married,secondary,yes,no,unknown,328,1,unknown,no
Della  Jensen,Male,50,Nevada,Other,12.Sep.2017,"$40,362.30 ",single,primary,yes,yes,unknown,17,1,unknown,no
Edwin  Malone,Male,60,Nevada,Blue Collar,12.Sep.2017,"$88,331.70 ",married,secondary,yes,no,unknown,126,3,unknown,no
Edwin  Malone,Male,46,Nevada,Blue Collar,12.Sep.2017,"$71,223.39 ",divorced,tertiary,yes,no,cellular,52,8,unknown,no
Nellie  Joseph,Male,22,Wyoming,White Collar,12.Sep.2017,"$143,309.34 ",married,unknown,no,no,unknown,52,1,unknown,no
Cassandra  Franklin,Male,31,Wyoming,Blue Collar,12.Sep.2017,"$43,836.31 ",married,tertiary,yes,no,cellular,285,5,unknown,no
Salvador  Bass,Male,38,Wyoming,White Collar,12.Sep.2017,"$94,343.58 ",married,primary,no,no,telephone,500,4,failure,yes
Guillermo  Potter,Male,43,California,White Collar,13.Sep.2017,"$76,981.07 ",divorced,primary,no,yes,cellular,955,5,unknown,yes
Marion  Glover,Male,29,California,White Collar,13.Sep.2017,"$18,294.76 ",married,secondary,yes,no,cellular,216,5,unknown,no
Della  Jensen,Female,37,California,Other,13.Sep.2017,"$140,066.58 ",divorced,tertiary,no,no,cellular,84,7,unknown,no
Carla  Mccormick,Male,31,California,White Collar,13.Sep.2017,"$131,377.57 ",married,tertiary,yes,no,cellular,138,3,unknown,no
Della  Jensen,Male,29,California,Other,13.Sep.2017,"$104,605.72 ",married,tertiary,yes,yes,cellular,436,2,other,yes
Cassandra  Franklin,Male,58,Nevada,Blue Collar,13.Sep.2017,"$30,091.36 ",single,secondary,yes,no,cellular,123,1,unknown,no
Della  Jensen,Male,40,Nevada,White Collar,13.Sep.2017,"$52,155.10 ",married,tertiary,no,no,cellular,36,4,unknown,no
Donna  Reid,Female,64,Nevada,Blue Collar,13.Sep.2017,"$36,908.27 ",married,secondary,no,no,unknown,405,3,unknown,no
Carla  Mccormick,Female,33,Nevada,Other,13.Sep.2017,"$41,540.40 ",married,primary,no,no,cellular,103,1,unknown,no
Christina  Fuller,Male,56,Nevada,Blue Collar,13.Sep.2017,"$13,803.12 ",married,secondary,yes,no,unknown,175,1,unknown,no
Jenny  Garcia,Female,34,Wyoming,Other,13.Sep.2017,"$82,531.55 ",married,primary,no,yes,cellular,374,3,unknown,no
Cecilia  Manning,Female,37,Wyoming,White Collar,13.Sep.2017,"$24,747.12 ",married,tertiary,yes,no,unknown,129,4,unknown,no
Lorraine  Gibson,Female,19,Oregon,Blue Collar,13.Sep.2017,$102.67 ,married,tertiary,no,yes,telephone,246,3,unknown,no
Brooke  Horton,Male,21,Oregon,Blue Collar,13.Sep.2017,"$24,918.04 ",single,secondary,yes,no,unknown,107,2,unknown,no
Kyle  Carr,Female,37,California,White Collar,14.Sep.2017,"$46,917.40 ",married,tertiary,no,no,unknown,385,1,unknown,no
Pauline  Beck,Female,31,California,White Collar,14.Sep.2017,"$104,704.70 ",married,primary,no,yes,cellular,104,3,unknown,no
Bobbie  Ryan,Female,28,California,White Collar,14.Sep.2017,"$123,339.58 ",married,primary,no,no,cellular,309,1,success,yes
Beth  Tucker,Male,40,California,White Collar,14.Sep.2017,"$68,164.64 ",married,primary,yes,no,cellular,198,2,failure,no
Donna  Reid,Male,48,California,Blue Collar,14.Sep.2017,"$92,633.40 ",single,secondary,yes,no,unknown,543,2,unknown,yes
Peter  Hodges,Male,38,California,White Collar,14.Sep.2017,"$146,301.30 ",married,secondary,no,yes,cellular,143,7,unknown,no
Ben  Perez,Female,34,California,White Collar,14.Sep.2017,"$11,222.40 ",single,secondary,yes,no,unknown,23,1,unknown,no
Arturo  Francis,Female,26,California,White Collar,14.Sep.2017,"$4,251.00 ",married,secondary,no,yes,unknown,104,2,unknown,no
Charlie  Wood,Male,64,Nevada,Other,14.Sep.2017,"$21,727.07 ",married,secondary,yes,no,cellular,378,2,success,yes
Cassandra  Franklin,Male,50,Nevada,Blue Collar,14.Sep.2017,"$63,925.36 ",married,secondary,yes,no,cellular,364,1,unknown,no
Ben  Perez,Male,47,Nevada,Blue Collar,14.Sep.2017,"$48,955.24 ",married,secondary,no,yes,cellular,363,6,unknown,no
Lula  Daniels,Male,47,Nevada,Blue Collar,14.Sep.2017,"$38,935.33 ",divorced,tertiary,yes,no,cellular,248,1,unknown,no
Patty  Thompson,Male,34,Wyoming,White Collar,14.Sep.2017,"$88,494.67 ",married,secondary,yes,yes,unknown,157,2,unknown,no
Ivan  Adkins,Male,33,California,Blue Collar,15.Sep.2017,"$16,641.54 ",married,primary,yes,no,unknown,402,2,unknown,no
Cassandra  Franklin,Male,36,California,White Collar,15.Sep.2017,"$88,248.91 ",married,secondary,yes,no,unknown,203,5,unknown,no
Isabel  Cross,Male,36,California,White Collar,15.Sep.2017,"$41,168.73 ",married,unknown,yes,no,cellular,422,1,failure,no
Brooke  Horton,Male,32,California,Other,15.Sep.2017,"$33,023.48 ",married,primary,yes,no,cellular,44,1,unknown,no
Ivan  Adkins,Female,29,California,Other,15.Sep.2017,"$62,532.15 ",single,tertiary,yes,no,unknown,358,4,unknown,no
Salvador  Bass,Female,25,California,White Collar,15.Sep.2017,"$32,443.67 ",single,tertiary,no,no,cellular,39,2,unknown,no
Ben  Perez,Male,44,California,White Collar,15.Sep.2017,"$97,826.76 ",divorced,tertiary,yes,no,telephone,325,1,unknown,no
Drew  Rogers,Male,51,Nevada,Other,15.Sep.2017,"$92,632.45 ",divorced,primary,yes,no,cellular,238,3,other,no
Brooke  Horton,Male,54,Nevada,Blue Collar,15.Sep.2017,"$61,661.70 ",married,secondary,yes,no,cellular,968,1,failure,yes
Cindy  Becker,Male,53,Nevada,Blue Collar,15.Sep.2017,"$181,791.93 ",single,tertiary,yes,no,cellular,156,1,failure,no
Trevor  Jones,Female,51,Nevada,Other,15.Sep.2017,"$82,172.63 ",married,secondary,no,no,telephone,681,1,success,no
Billie  Chandler,Female,48,Nevada,Other,15.Sep.2017,"$109,443.78 ",married,secondary,yes,no,cellular,187,2,unknown,no
Cecilia  Manning,Female,34,Wyoming,White Collar,15.Sep.2017,"$33,566.43 ",single,tertiary,yes,yes,cellular,104,10,unknown,no
Guillermo  Potter,Female,38,Wyoming,White Collar,15.Sep.2017,"$129,689.10 ",single,secondary,no,no,cellular,860,2,unknown,yes
Della  Jensen,Male,27,Oregon,White Collar,15.Sep.2017,"$4,971.36 ",married,secondary,no,yes,cellular,112,2,unknown,no
Blake  Bridges,Female,29,California,White Collar,16.Sep.2017,"$21,880.99 ",married,tertiary,no,no,cellular,112,1,failure,no
Cindy  Becker,Male,25,California,White Collar,16.Sep.2017,"$3,173.00 ",married,secondary,yes,no,unknown,32,3,unknown,no
Charlie  Wood,Female,29,California,White Collar,16.Sep.2017,"$26,792.79 ",single,tertiary,yes,no,cellular,325,2,unknown,yes
Robert  Munoz,Female,39,California,White Collar,16.Sep.2017,"$110,805.21 ",single,secondary,no,no,cellular,410,1,unknown,no
Cassandra  Franklin,Female,40,California,White Collar,16.Sep.2017,"$107,491.43 ",divorced,tertiary,yes,no,cellular,640,1,unknown,no
Jaime  Pearson,Female,39,California,White Collar,16.Sep.2017,"$64,993.72 ",divorced,secondary,no,no,unknown,118,1,unknown,no
Cassandra  Franklin,Male,32,California,White Collar,16.Sep.2017,"$197,814.75 ",married,unknown,no,no,cellular,166,2,unknown,no
Shari  Silva,Male,34,California,White Collar,16.Sep.2017,"$61,283.13 ",divorced,primary,no,no,cellular,173,1,unknown,no
Jenny  Garcia,Male,47,California,Other,16.Sep.2017,"$12,387.01 ",married,secondary,yes,no,unknown,21,24,unknown,no
Donna  Reid,Male,41,California,Other,16.Sep.2017,"$101,779.49 ",married,secondary,yes,no,unknown,89,7,unknown,no
Brooke  Horton,Female,32,California,White Collar,16.Sep.2017,"$118,345.01 ",married,secondary,yes,no,cellular,151,3,unknown,no
Marion  Glover,Male,28,California,White Collar,16.Sep.2017,"$79,636.64 ",married,primary,no,no,unknown,112,4,unknown,no
Cecilia  Manning,Male,34,California,Blue Collar,16.Sep.2017,"$62,571.76 ",single,secondary,no,no,cellular,164,5,unknown,no
Colleen  Warren,Male,31,California,White Collar,16.Sep.2017,"$88,938.42 ",single,tertiary,no,no,telephone,145,2,other,no
Guillermo  Potter,Male,32,Nevada,Blue Collar,16.Sep.2017,"$5,647.93 ",single,tertiary,yes,no,cellular,606,3,unknown,yes
Felicia  Jennings,Male,54,Nevada,Other,16.Sep.2017,"$19,027.48 ",married,secondary,yes,no,unknown,105,1,unknown,no
Salvador  Bass,Male,48,Nevada,Blue Collar,16.Sep.2017,"$59,526.22 ",married,secondary,no,yes,cellular,85,1,unknown,no
Bobbie  Ryan,Male,45,Nevada,Other,16.Sep.2017,"$13,741.24 ",married,secondary,no,no,cellular,439,3,unknown,no
Ernest  Davis,Male,50,Nevada,Other,16.Sep.2017,"$82,680.36 ",married,secondary,no,no,unknown,278,1,unknown,no
Iris  Underwood,Female,36,California,White Collar,17.Sep.2017,"$98,631.54 ",married,secondary,no,no,cellular,205,4,unknown,no
Edwin  Malone,Female,39,California,White Collar,17.Sep.2017,"$19,026.45 ",married,primary,yes,no,cellular,221,1,unknown,no
Cecilia  Manning,Female,45,California,White Collar,17.Sep.2017,"$1,970.06 ",married,tertiary,yes,no,telephone,52,3,other,no
Brooke  Horton,Male,28,California,White Collar,17.Sep.2017,"$98,497.51 ",divorced,tertiary,yes,no,unknown,84,3,unknown,no
Jenny  Garcia,Female,47,Nevada,Other,17.Sep.2017,"$128,466.94 ",married,secondary,yes,no,cellular,476,3,unknown,no
Brooke  Horton,Female,44,Nevada,Other,17.Sep.2017,"$66,601.31 ",married,tertiary,no,no,cellular,371,1,unknown,no
Drew  Rogers,Male,48,Nevada,Other,17.Sep.2017,"$68,215.30 ",single,tertiary,yes,no,cellular,128,3,unknown,no
Marian  Hill,Female,44,Nevada,Other,17.Sep.2017,"$50,499.49 ",married,secondary,yes,no,unknown,220,2,unknown,no
Woodrow  Colon,Male,46,Nevada,Other,17.Sep.2017,"$141,464.15 ",married,tertiary,no,no,telephone,44,14,unknown,no
Brooke  Horton,Male,59,Nevada,White Collar,17.Sep.2017,"$37,296.76 ",married,secondary,yes,no,unknown,30,1,success,no
Willie  Vega,Male,50,Nevada,Blue Collar,17.Sep.2017,"$31,964.93 ",divorced,tertiary,no,no,cellular,330,1,failure,no
Joey  Wong,Female,25,Wyoming,White Collar,17.Sep.2017,"$111,658.30 ",married,secondary,yes,no,unknown,28,1,unknown,no
Eddie  Green,Male,27,Wyoming,Blue Collar,17.Sep.2017,"$71,427.09 ",married,primary,no,no,cellular,908,1,unknown,no
Lance  Yates,Female,29,Oregon,Other,17.Sep.2017,"$112,528.85 ",divorced,tertiary,no,no,cellular,177,1,unknown,no
Bobbie  Ryan,Female,27,Oregon,White Collar,17.Sep.2017,"$96,587.24 ",divorced,primary,yes,no,unknown,113,4,unknown,no
Trevor  Jones,Male,33,California,Other,18.Sep.2017,"$1,372.96 ",single,secondary,yes,no,telephone,289,8,unknown,no
Della  Jensen,Female,37,California,White Collar,18.Sep.2017,"$7,326.87 ",married,secondary,yes,no,cellular,357,1,unknown,no
Dan  Peterson,Female,33,California,Blue Collar,18.Sep.2017,"$23,940.13 ",single,tertiary,no,no,cellular,38,16,unknown,no
Lorraine  Gibson,Female,39,California,White Collar,18.Sep.2017,"$68,610.01 ",married,secondary,yes,no,cellular,414,4,unknown,no
Lynette  Brewer,Female,37,California,White Collar,18.Sep.2017,"$18,662.30 ",married,secondary,yes,no,cellular,257,2,unknown,no
Christy  Olson,Female,38,California,White Collar,18.Sep.2017,"$36,908.34 ",married,tertiary,yes,no,unknown,480,1,unknown,yes
Iris  Underwood,Male,34,California,Blue Collar,18.Sep.2017,"$28,285.91 ",married,primary,no,no,cellular,252,2,unknown,no
Sonya  Mullins,Male,36,California,White Collar,18.Sep.2017,"$11,105.79 ",single,primary,yes,no,unknown,151,1,unknown,no
Cassandra  Franklin,Male,34,California,Other,18.Sep.2017,"$102,234.70 ",married,primary,no,no,cellular,213,4,unknown,no
Lorraine  Gibson,Female,38,California,White Collar,18.Sep.2017,"$142,697.33 ",married,primary,no,yes,cellular,119,12,unknown,no
Drew  Rogers,Female,23,California,Other,18.Sep.2017,"$63,447.70 ",married,tertiary,no,no,cellular,161,2,unknown,no
Dan  Peterson,Male,44,California,White Collar,18.Sep.2017,"$1,369.51 ",divorced,tertiary,no,no,cellular,227,2,unknown,yes
Marion  Glover,Female,47,Nevada,Other,18.Sep.2017,"$57,101.48 ",single,secondary,yes,no,telephone,12,3,other,no
Edwin  Malone,Male,32,Nevada,Blue Collar,18.Sep.2017,"$50,104.48 ",married,secondary,no,no,cellular,517,1,success,yes
Jenny  Garcia,Male,43,Nevada,Other,18.Sep.2017,"$112,780.07 ",divorced,secondary,yes,no,cellular,225,2,failure,no
Trevor  Jones,Female,62,Nevada,Other,18.Sep.2017,"$164,433.25 ",married,tertiary,yes,no,unknown,150,2,unknown,no
Christina  Fuller,Male,45,Nevada,Blue Collar,18.Sep.2017,"$105,209.54 ",married,secondary,no,yes,cellular,89,1,unknown,no
Rachel  Gomez,Female,38,Wyoming,Other,18.Sep.2017,"$43,234.84 ",married,primary,yes,no,unknown,103,2,unknown,no
Lula  Daniels,Female,38,Wyoming,Other,18.Sep.2017,"$35,113.76 ",divorced,tertiary,no,no,cellular,128,1,unknown,no
Trevor  Jones,Female,44,Wyoming,White Collar,18.Sep.2017,"$68,458.99 ",married,primary,yes,no,cellular,277,1,unknown,no
Ellen  Weaver,Female,32,Oregon,Other,18.Sep.2017,"$8,817.88 ",married,primary,yes,no,unknown,500,1,unknown,yes
Herman  Williams,Male,36,California,Blue Collar,19.Sep.2017,"$80,237.16 ",single,primary,yes,no,telephone,113,2,unknown,no
Della  Jensen,Female,30,California,White Collar,19.Sep.2017,"$158,939.24 ",married,tertiary,yes,no,cellular,326,5,failure,yes
Salvador  Bass,Female,30,California,White Collar,19.Sep.2017,"$88,238.21 ",married,secondary,no,no,unknown,755,1,unknown,no
Billie  Chandler,Female,30,California,Blue Collar,19.Sep.2017,"$12,088.25 ",married,tertiary,no,no,cellular,161,3,unknown,no
Bethany  Pena,Male,27,California,Blue Collar,19.Sep.2017,"$64,352.75 ",married,secondary,yes,yes,cellular,100,1,unknown,no
Donna  Reid,Female,29,California,White Collar,19.Sep.2017,"$97,332.82 ",married,tertiary,no,no,cellular,142,2,unknown,no
Isabel  Cross,Female,21,California,Blue Collar,19.Sep.2017,"$169,660.19 ",married,tertiary,yes,no,unknown,214,2,unknown,no
Della  Jensen,Male,33,California,White Collar,19.Sep.2017,"$11,901.40 ",married,primary,no,no,cellular,167,2,unknown,no
Nellie  Joseph,Male,38,California,White Collar,19.Sep.2017,"$88,325.82 ",single,secondary,no,yes,cellular,676,5,unknown,no
Don  Gonzales,Female,43,California,Other,19.Sep.2017,"$58,187.30 ",married,tertiary,no,no,cellular,236,1,unknown,no
Drew  Rogers,Male,54,Nevada,White Collar,19.Sep.2017,"$38,216.18 ",single,tertiary,no,no,unknown,993,6,unknown,yes
Woodrow  Colon,Male,46,Nevada,Blue Collar,19.Sep.2017,"$102,811.03 ",married,secondary,yes,yes,cellular,83,12,unknown,no
Charlie  Wood,Male,40,Nevada,Other,19.Sep.2017,"$55,592.04 ",single,secondary,yes,no,cellular,100,1,unknown,no
Sonya  Mullins,Male,50,Nevada,Blue Collar,19.Sep.2017,"$3,448.24 ",married,tertiary,yes,no,cellular,289,2,other,yes
Robert  Munoz,Male,37,Nevada,Blue Collar,19.Sep.2017,"$96,418.73 ",married,secondary,no,yes,cellular,528,2,unknown,no
Max  Rodgers,Male,45,Nevada,Blue Collar,19.Sep.2017,"$82,500.21 ",married,primary,no,no,unknown,340,2,unknown,no
Blake  Bridges,Male,63,Nevada,Blue Collar,19.Sep.2017,"$23,614.36 ",married,secondary,no,no,cellular,33,3,unknown,no
Isabel  Cross,Female,60,Nevada,Other,19.Sep.2017,"$66,313.36 ",single,secondary,no,no,telephone,284,3,unknown,no
Shari  Silva,Female,53,Nevada,Other,19.Sep.2017,"$83,763.61 ",married,tertiary,no,no,telephone,245,3,unknown,yes
Ruben  Nunez,Female,37,Wyoming,Other,19.Sep.2017,"$23,334.46 ",single,tertiary,yes,no,cellular,115,1,unknown,no
Brooke  Horton,Male,37,Oregon,White Collar,19.Sep.2017,"$174,759.12 ",married,secondary,yes,no,unknown,730,2,unknown,no
Salvador  Bass,Female,27,Oregon,Other,19.Sep.2017,"$27,761.30 ",divorced,primary,yes,no,cellular,347,1,failure,no
Shari  Silva,Male,30,Oregon,Other,19.Sep.2017,"$124,699.51 ",single,secondary,no,no,cellular,58,1,unknown,no
Paulette  Spencer,Female,29,California,White Collar,20.Sep.2017,"$60,679.84 ",married,primary,yes,no,cellular,180,1,unknown,no
Cecilia  Manning,Male,36,California,White Collar,20.Sep.2017,"$58,781.85 ",married,secondary,yes,no,unknown,56,8,unknown,no
Lula  Daniels,Male,43,California,White Collar,20.Sep.2017,"$7,543.76 ",married,primary,yes,no,unknown,326,3,unknown,no
Felicia  Jennings,Male,28,California,Other,20.Sep.2017,"$58,097.58 ",married,secondary,yes,no,telephone,342,9,unknown,no
Austin  Reynolds,Male,61,Nevada,Other,20.Sep.2017,"$48,415.84 ",married,secondary,no,yes,cellular,49,6,unknown,no
Jenny  Garcia,Male,31,Nevada,Blue Collar,20.Sep.2017,"$27,870.03 ",married,tertiary,no,no,cellular,110,1,unknown,no
Isabel  Cross,Female,51,Nevada,Other,20.Sep.2017,"$74,797.40 ",married,secondary,no,no,cellular,253,1,failure,yes
Billie  Chandler,Male,46,Nevada,Blue Collar,20.Sep.2017,"$11,240.79 ",married,tertiary,no,no,cellular,636,2,unknown,no
Nellie  Joseph,Female,35,Wyoming,White Collar,20.Sep.2017,"$101,754.31 ",married,primary,no,no,cellular,137,2,unknown,no
Brooke  Horton,Female,43,Wyoming,White Collar,20.Sep.2017,"$111,121.82 ",single,secondary,no,no,cellular,173,1,unknown,no
Colleen  Warren,Female,31,Wyoming,White Collar,20.Sep.2017,"$91,920.36 ",married,secondary,yes,no,cellular,227,2,unknown,no
Rachel  Gomez,Male,26,Oregon,Other,20.Sep.2017,"$39,051.24 ",married,secondary,yes,yes,unknown,88,5,unknown,no
Tracy  Reed,Female,27,Oregon,Blue Collar,20.Sep.2017,"$2,831.18 ",married,secondary,yes,no,unknown,426,3,unknown,no
Felicia  Jennings,Male,29,California,White Collar,21.Sep.2017,"$114,204.27 ",married,secondary,yes,no,telephone,195,3,other,no
Lynette  Brewer,Female,42,California,White Collar,21.Sep.2017,"$7,838.18 ",married,primary,no,no,cellular,230,8,unknown,no
Arturo  Francis,Female,27,California,White Collar,21.Sep.2017,$538.28 ,married,secondary,yes,no,cellular,750,2,unknown,yes
Blake  Bridges,Male,32,California,White Collar,21.Sep.2017,"$80,731.22 ",single,secondary,no,no,cellular,413,3,unknown,no
Andrew  Meyer,Male,33,California,White Collar,21.Sep.2017,"$4,044.64 ",divorced,tertiary,yes,no,unknown,104,2,unknown,no
Lance  Yates,Male,34,California,White Collar,21.Sep.2017,"$20,909.06 ",married,secondary,yes,yes,cellular,138,1,unknown,no
Herman  Williams,Female,28,California,White Collar,21.Sep.2017,"$131,476.61 ",single,primary,yes,no,unknown,334,2,unknown,no
Sandra  Floyd,Female,36,California,White Collar,21.Sep.2017,"$72,628.36 ",married,unknown,yes,no,unknown,868,1,unknown,no
Austin  Reynolds,Male,50,California,White Collar,21.Sep.2017,"$75,679.72 ",married,secondary,yes,no,telephone,102,14,unknown,no
Nellie  Joseph,Female,28,Nevada,Blue Collar,21.Sep.2017,"$59,098.82 ",divorced,tertiary,no,no,unknown,77,3,unknown,no
Lee  Mack,Male,41,Nevada,Blue Collar,21.Sep.2017,"$91,801.99 ",single,secondary,yes,no,cellular,199,1,success,yes
Kyle  Carr,Female,55,Wyoming,White Collar,21.Sep.2017,"$29,173.73 ",single,secondary,yes,no,unknown,332,2,unknown,no
Robert  Munoz,Female,43,Wyoming,Blue Collar,21.Sep.2017,"$13,625.67 ",married,secondary,no,no,cellular,124,2,unknown,no
Brooke  Horton,Female,31,Oregon,White Collar,21.Sep.2017,"$30,000.72 ",married,tertiary,no,no,cellular,91,9,unknown,no
Cindy  Becker,Male,32,California,White Collar,22.Sep.2017,"$48,549.60 ",married,secondary,yes,no,cellular,104,3,unknown,no
Ernest  Davis,Female,36,California,White Collar,22.Sep.2017,"$40,418.10 ",single,secondary,yes,no,cellular,125,1,failure,no
Bobbie  Ryan,Female,33,California,White Collar,22.Sep.2017,"$47,605.85 ",married,secondary,yes,no,cellular,635,3,unknown,yes
Brooke  Horton,Male,35,California,White Collar,22.Sep.2017,"$49,480.90 ",married,primary,no,yes,cellular,90,1,unknown,no
Max  Rodgers,Male,32,California,White Collar,22.Sep.2017,"$4,630.78 ",married,tertiary,yes,yes,cellular,310,1,unknown,no
Max  Rodgers,Male,53,Nevada,Blue Collar,22.Sep.2017,"$73,469.72 ",married,secondary,yes,no,cellular,207,1,failure,no
Ellen  Weaver,Female,46,Nevada,Other,22.Sep.2017,"$20,158.94 ",married,secondary,no,no,unknown,43,1,unknown,no
Billie  Chandler,Female,28,Wyoming,Blue Collar,22.Sep.2017,"$141,480.67 ",married,primary,no,no,telephone,126,4,unknown,no
Cindy  Becker,Female,29,Wyoming,White Collar,22.Sep.2017,"$148,592.13 ",single,secondary,yes,no,cellular,137,1,success,no
Dan  Peterson,Female,28,California,White Collar,23.Sep.2017,"$17,236.84 ",married,primary,yes,yes,unknown,284,5,unknown,no
Willie  Vega,Male,32,California,White Collar,23.Sep.2017,"$96,567.19 ",married,tertiary,no,no,cellular,68,6,unknown,no
Cassandra  Franklin,Male,28,California,Other,23.Sep.2017,"$116,988.88 ",married,tertiary,no,no,cellular,67,1,unknown,no
Isabel  Cross,Male,18,California,Blue Collar,23.Sep.2017,"$93,407.00 ",single,secondary,yes,yes,cellular,8,2,unknown,no
Salvador  Bass,Female,45,California,Blue Collar,23.Sep.2017,"$18,667.28 ",single,unknown,yes,no,cellular,62,1,unknown,no
Marion  Glover,Female,26,California,White Collar,23.Sep.2017,"$88,290.97 ",married,tertiary,no,yes,cellular,175,1,unknown,no
Jenny  Garcia,Female,32,California,Blue Collar,23.Sep.2017,"$75,059.36 ",single,primary,yes,no,unknown,395,2,unknown,yes
Ruben  Nunez,Male,18,California,White Collar,23.Sep.2017,"$1,253.57 ",divorced,tertiary,yes,no,cellular,27,1,failure,no
Isabel  Cross,Female,20,California,White Collar,23.Sep.2017,"$77,468.01 ",married,secondary,yes,yes,unknown,195,1,unknown,no
Herman  Williams,Female,31,California,Other,23.Sep.2017,"$110,432.57 ",married,secondary,no,yes,cellular,254,2,unknown,no
Carla  Mccormick,Male,27,California,White Collar,23.Sep.2017,"$49,782.48 ",divorced,secondary,no,yes,cellular,199,1,unknown,no
Donna  Reid,Male,40,California,White Collar,23.Sep.2017,"$56,286.93 ",married,secondary,no,no,cellular,73,17,unknown,no
Salvador  Bass,Male,49,Nevada,Blue Collar,23.Sep.2017,"$30,460.13 ",single,tertiary,yes,no,unknown,351,1,unknown,no
Ben  Perez,Male,43,Nevada,Blue Collar,23.Sep.2017,"$49,449.94 ",married,tertiary,yes,yes,unknown,1689,4,unknown,yes
Joey  Wong,Female,44,Nevada,White Collar,23.Sep.2017,"$55,079.04 ",single,tertiary,no,no,cellular,267,1,unknown,no
Max  Rodgers,Female,47,Nevada,White Collar,23.Sep.2017,"$43,350.87 ",married,secondary,no,no,unknown,234,2,unknown,no
Rachel  Gomez,Female,55,Nevada,Other,23.Sep.2017,"$115,093.09 ",divorced,secondary,no,no,cellular,234,10,unknown,no
Mable  Lindsey,Male,54,Nevada,Blue Collar,23.Sep.2017,"$114,087.36 ",married,tertiary,no,no,cellular,94,4,unknown,no
Fernando  Rowe,Male,56,Nevada,Blue Collar,23.Sep.2017,"$15,882.76 ",single,secondary,yes,no,unknown,77,2,unknown,no
Drew  Rogers,Female,29,Wyoming,Blue Collar,23.Sep.2017,"$11,363.30 ",married,secondary,yes,no,cellular,242,1,unknown,no
Robert  Munoz,Male,33,Wyoming,White Collar,23.Sep.2017,"$66,573.94 ",married,secondary,no,no,cellular,247,4,unknown,no
Salvador  Bass,Female,27,Oregon,Other,23.Sep.2017,"$56,693.85 ",married,tertiary,no,no,unknown,85,4,unknown,no
Della  Jensen,Female,24,Oregon,Other,23.Sep.2017,"$99,785.76 ",divorced,tertiary,no,no,cellular,607,4,unknown,no
Billie  Chandler,Female,27,Oregon,Other,23.Sep.2017,"$97,156.69 ",married,tertiary,yes,no,cellular,485,2,failure,yes
Salvador  Bass,Male,40,California,Other,24.Sep.2017,"$23,332.91 ",single,secondary,no,no,cellular,184,1,failure,yes
Drew  Rogers,Male,33,California,White Collar,24.Sep.2017,"$92,353.55 ",divorced,secondary,yes,no,unknown,258,1,unknown,no
Tracy  Reed,Male,40,California,White Collar,24.Sep.2017,"$38,687.96 ",single,unknown,yes,no,cellular,156,1,other,no
Elbert  Klein,Male,41,California,White Collar,24.Sep.2017,"$40,040.55 ",married,secondary,no,no,unknown,160,1,unknown,no
Peter  Hodges,Female,29,California,White Collar,24.Sep.2017,"$177,787.16 ",married,tertiary,no,no,unknown,1021,1,unknown,no
Carla  Mccormick,Female,37,California,Blue Collar,24.Sep.2017,"$81,629.55 ",married,primary,yes,no,cellular,5,25,unknown,no
Edwin  Malone,Male,26,California,White Collar,24.Sep.2017,"$43,679.07 ",married,secondary,yes,no,cellular,701,1,unknown,yes
Salvador  Bass,Male,37,California,White Collar,24.Sep.2017,"$18,148.96 ",married,secondary,yes,yes,cellular,732,2,failure,yes
Cecilia  Manning,Female,46,California,White Collar,24.Sep.2017,"$89,016.69 ",married,tertiary,no,no,cellular,122,1,unknown,no
Pauline  Beck,Male,48,California,White Collar,24.Sep.2017,"$79,507.06 ",married,secondary,yes,no,unknown,559,1,unknown,no
Austin  Reynolds,Female,39,California,White Collar,24.Sep.2017,"$28,929.18 ",divorced,secondary,yes,yes,unknown,141,1,unknown,no
Elbert  Klein,Female,37,California,White Collar,24.Sep.2017,"$21,804.75 ",single,tertiary,yes,no,cellular,87,4,unknown,no
Allan  Ramos,Female,31,California,White Collar,24.Sep.2017,"$70,717.73 ",single,tertiary,no,no,cellular,577,1,unknown,no
Shari  Silva,Male,46,California,White Collar,24.Sep.2017,"$43,890.51 ",married,tertiary,yes,no,cellular,193,2,unknown,no
Paulette  Spencer,Female,34,California,White Collar,24.Sep.2017,"$62,071.37 ",single,tertiary,no,no,cellular,210,5,unknown,no
Eric  Rose,Male,37,California,Blue Collar,24.Sep.2017,"$44,994.46 ",married,secondary,no,no,cellular,732,2,unknown,no
Tracy  Reed,Female,22,California,White Collar,24.Sep.2017,"$49,172.73 ",divorced,secondary,yes,yes,unknown,121,2,unknown,no
Elaine  Ellis,Female,32,California,White Collar,24.Sep.2017,"$55,642.28 ",single,secondary,no,yes,cellular,150,2,unknown,no
Tiffany  May,Female,33,California,Other,24.Sep.2017,"$54,789.42 ",single,tertiary,no,no,cellular,140,1,unknown,no
Lynette  Brewer,Female,31,California,Blue Collar,24.Sep.2017,"$94,698.96 ",married,secondary,yes,no,cellular,386,2,unknown,no
Ben  Perez,Female,20,California,White Collar,24.Sep.2017,"$25,850.78 ",married,secondary,yes,no,cellular,733,2,unknown,yes
Iris  Underwood,Male,40,California,White Collar,24.Sep.2017,"$37,934.81 ",married,secondary,yes,no,cellular,108,1,unknown,no
Edwin  Malone,Female,42,California,White Collar,24.Sep.2017,"$26,314.85 ",single,tertiary,no,yes,cellular,80,1,failure,no
Marion  Glover,Male,36,California,White Collar,24.Sep.2017,"$58,250.37 ",divorced,secondary,yes,no,unknown,155,3,unknown,no
Bethany  Pena,Male,34,California,White Collar,24.Sep.2017,"$13,725.45 ",married,secondary,yes,yes,cellular,389,4,unknown,no
Robert  Munoz,Male,34,California,White Collar,24.Sep.2017,"$73,054.99 ",married,tertiary,yes,no,cellular,133,3,unknown,no
Bethany  Pena,Female,36,California,White Collar,24.Sep.2017,"$49,547.01 ",married,secondary,yes,no,cellular,328,6,unknown,no
Salvador  Bass,Male,37,California,White Collar,24.Sep.2017,"$125,080.43 ",married,secondary,yes,no,cellular,119,2,unknown,no
Beth  Tucker,Male,31,California,White Collar,24.Sep.2017,"$57,255.10 ",married,primary,yes,no,unknown,87,6,unknown,no
Robert  Munoz,Female,44,California,White Collar,24.Sep.2017,"$41,074.06 ",single,secondary,no,yes,cellular,162,1,failure,no
Ellen  Weaver,Female,38,California,White Collar,24.Sep.2017,"$7,541.27 ",married,secondary,yes,no,unknown,294,2,unknown,no
Bernadette  Page,Male,24,California,White Collar,24.Sep.2017,"$78,912.75 ",single,tertiary,yes,yes,cellular,128,2,unknown,no
Felicia  Jennings,Female,52,Nevada,Blue Collar,24.Sep.2017,"$65,353.31 ",married,secondary,yes,no,cellular,108,1,unknown,no
Kyle  Carr,Male,43,Nevada,Other,24.Sep.2017,"$12,110.54 ",single,secondary,yes,yes,cellular,172,2,unknown,no
Willie  Vega,Male,19,Nevada,Other,24.Sep.2017,"$45,807.21 ",married,secondary,yes,yes,unknown,208,5,unknown,no
Elvira  Bowman,Female,52,Nevada,Other,24.Sep.2017,"$97,043.22 ",married,secondary,yes,no,unknown,212,2,unknown,no
Sandra  Floyd,Male,48,Nevada,Other,24.Sep.2017,"$48,819.37 ",divorced,tertiary,no,no,cellular,148,1,failure,no
Christina  Fuller,Female,61,Nevada,Other,24.Sep.2017,"$28,179.10 ",married,tertiary,yes,no,cellular,99,1,unknown,no
Max  Rodgers,Male,48,Nevada,Blue Collar,24.Sep.2017,"$35,411.64 ",married,tertiary,no,no,cellular,185,1,success,yes
Lynette  Brewer,Female,50,Nevada,Other,24.Sep.2017,"$22,140.33 ",married,primary,no,no,cellular,133,2,unknown,no
Mable  Lindsey,Male,45,Nevada,Blue Collar,24.Sep.2017,"$96,514.31 ",single,secondary,no,no,cellular,170,1,unknown,no
Ellen  Weaver,Male,39,Nevada,Blue Collar,24.Sep.2017,"$41,381.49 ",married,tertiary,yes,no,unknown,668,7,unknown,no
Herman  Williams,Male,58,Nevada,Other,24.Sep.2017,"$70,317.96 ",single,tertiary,yes,no,cellular,81,3,failure,no
Brooke  Horton,Female,51,Nevada,Other,24.Sep.2017,"$24,359.49 ",single,secondary,no,no,cellular,230,2,unknown,no
Jenny  Garcia,Female,50,Nevada,Other,24.Sep.2017,"$47,637.36 ",married,secondary,no,no,unknown,287,1,unknown,no
Sonya  Mullins,Male,42,Nevada,Blue Collar,24.Sep.2017,"$81,873.18 ",married,primary,no,no,cellular,618,1,unknown,no
Peter  Hodges,Female,43,Nevada,Other,24.Sep.2017,"$14,980.25 ",married,tertiary,yes,no,cellular,788,1,unknown,yes
Don  Gonzales,Male,50,Nevada,Other,24.Sep.2017,"$49,492.67 ",divorced,secondary,no,no,cellular,285,6,unknown,no
Lula  Daniels,Female,50,Nevada,Other,24.Sep.2017,"$41,963.76 ",single,secondary,no,no,cellular,163,2,unknown,no
Willie  Vega,Female,61,Nevada,Blue Collar,24.Sep.2017,"$72,229.63 ",single,tertiary,no,no,cellular,159,1,unknown,no
Jenny  Garcia,Male,45,Nevada,Other,24.Sep.2017,"$15,683.21 ",married,secondary,yes,no,cellular,197,2,failure,no
Peter  Hodges,Female,25,Wyoming,White Collar,24.Sep.2017,"$60,498.76 ",married,tertiary,no,no,cellular,212,2,unknown,no
Sonya  Mullins,Male,33,Wyoming,Other,24.Sep.2017,"$56,848.96 ",married,tertiary,yes,no,unknown,44,15,unknown,no
Isabel  Cross,Female,25,Wyoming,Other,24.Sep.2017,"$7,571.46 ",married,secondary,no,no,cellular,180,2,success,no
Ernest  Davis,Male,18,Wyoming,White Collar,24.Sep.2017,"$40,794.90 ",single,primary,no,no,unknown,11,1,unknown,no
Colleen  Warren,Male,26,Wyoming,White Collar,24.Sep.2017,"$87,161.51 ",single,secondary,yes,no,unknown,863,1,unknown,no
Ben  Perez,Male,35,Wyoming,White Collar,24.Sep.2017,"$17,240.58 ",single,secondary,yes,no,unknown,388,7,unknown,no
Sonya  Mullins,Male,37,Wyoming,Other,24.Sep.2017,"$60,987.96 ",married,secondary,yes,no,unknown,143,3,unknown,no
Beth  Tucker,Male,22,Wyoming,Blue Collar,24.Sep.2017,"$22,011.34 ",single,tertiary,yes,no,cellular,191,1,failure,no
Marion  Glover,Male,46,Wyoming,Blue Collar,24.Sep.2017,"$55,101.64 ",divorced,tertiary,yes,yes,unknown,62,2,unknown,no
Elbert  Klein,Male,25,Wyoming,Other,24.Sep.2017,"$61,487.57 ",married,primary,yes,no,unknown,13,1,unknown,no
Trevor  Jones,Female,36,Wyoming,White Collar,24.Sep.2017,"$126,777.96 ",single,secondary,yes,no,cellular,1073,1,unknown,yes
Trevor  Jones,Female,27,Oregon,White Collar,24.Sep.2017,"$75,817.60 ",married,tertiary,yes,no,cellular,337,2,unknown,no
Guillermo  Potter,Female,38,Oregon,Other,24.Sep.2017,"$20,766.88 ",married,primary,yes,yes,telephone,88,10,unknown,no
Salvador  Bass,Female,33,Oregon,Other,24.Sep.2017,$198.15 ,married,secondary,no,no,cellular,167,1,other,no
Robert  Munoz,Female,29,Oregon,Other,24.Sep.2017,"$110,966.36 ",single,secondary,no,no,cellular,96,4,unknown,no
Joey  Wong,Male,29,Oregon,Blue Collar,24.Sep.2017,"$16,686.16 ",married,secondary,yes,no,cellular,537,3,unknown,no
Della  Jensen,Female,49,California,White Collar,25.Sep.2017,"$51,332.55 ",single,secondary,yes,no,unknown,5,3,unknown,no
Cassandra  Franklin,Male,32,California,White Collar,25.Sep.2017,"$88,538.06 ",married,secondary,no,no,cellular,139,1,unknown,no
Drew  Rogers,Female,38,California,White Collar,25.Sep.2017,"$143,498.45 ",single,primary,yes,no,unknown,570,2,unknown,no
Mable  Lindsey,Male,29,California,Blue Collar,25.Sep.2017,"$51,178.22 ",married,tertiary,yes,no,cellular,100,3,unknown,no
Sandra  Floyd,Female,31,California,Other,25.Sep.2017,"$7,373.54 ",married,secondary,yes,no,unknown,253,2,unknown,no
Isabel  Cross,Female,28,California,White Collar,25.Sep.2017,"$159,824.12 ",married,secondary,yes,no,cellular,525,2,unknown,no
Paulette  Spencer,Female,36,California,Blue Collar,25.Sep.2017,"$73,655.82 ",single,secondary,no,no,cellular,696,3,unknown,no
Salvador  Bass,Male,51,California,Blue Collar,25.Sep.2017,"$84,669.21 ",married,tertiary,no,no,unknown,535,6,unknown,no
Felicia  Jennings,Male,42,Nevada,Blue Collar,25.Sep.2017,"$122,468.99 ",married,secondary,no,no,cellular,131,3,unknown,no
Cecilia  Manning,Male,45,Nevada,White Collar,25.Sep.2017,"$72,137.46 ",single,secondary,no,no,unknown,6,1,unknown,no
Rachel  Gomez,Male,36,Nevada,Blue Collar,25.Sep.2017,"$23,440.33 ",married,tertiary,yes,no,cellular,105,1,unknown,no
Isabel  Cross,Male,53,Nevada,Other,25.Sep.2017,"$100,776.52 ",married,secondary,no,no,unknown,370,1,unknown,no
Brooke  Horton,Male,49,Nevada,Blue Collar,25.Sep.2017,"$1,304.90 ",single,tertiary,no,no,cellular,29,14,unknown,no
Pauline  Beck,Male,41,Nevada,Blue Collar,25.Sep.2017,"$139,395.00 ",married,secondary,yes,yes,cellular,184,1,failure,no
Ruben  Nunez,Male,52,Nevada,Other,25.Sep.2017,"$40,333.55 ",married,secondary,no,yes,cellular,47,2,other,no
Lee  Mack,Male,45,Nevada,Blue Collar,25.Sep.2017,"$16,266.66 ",married,secondary,no,yes,unknown,193,4,unknown,no
Arturo  Francis,Female,30,Wyoming,White Collar,25.Sep.2017,"$175,833.51 ",married,secondary,yes,no,cellular,709,2,unknown,yes
Max  Rodgers,Male,37,Wyoming,Blue Collar,25.Sep.2017,"$120,632.69 ",married,tertiary,no,no,cellular,358,2,unknown,no
Eddie  Green,Female,37,Oregon,Blue Collar,25.Sep.2017,"$89,506.40 ",married,tertiary,yes,no,unknown,253,1,unknown,no
Cecilia  Manning,Male,34,California,White Collar,26.Sep.2017,"$121,455.52 ",married,tertiary,yes,no,unknown,197,3,unknown,no
Patty  Thompson,Female,36,California,White Collar,26.Sep.2017,"$96,349.45 ",married,secondary,no,no,cellular,94,2,unknown,no
Drew  Rogers,Male,28,California,Other,26.Sep.2017,"$17,648.33 ",divorced,secondary,no,yes,cellular,445,2,unknown,no
Don  Gonzales,Female,45,California,Blue Collar,26.Sep.2017,"$33,461.72 ",single,secondary,yes,no,cellular,153,1,failure,no
Elbert  Klein,Female,51,California,White Collar,26.Sep.2017,"$120,782.94 ",married,unknown,no,no,unknown,113,1,unknown,no
Elvira  Bowman,Female,34,California,Other,26.Sep.2017,"$33,481.15 ",married,secondary,no,no,cellular,80,1,unknown,no
Carla  Mccormick,Male,31,California,White Collar,26.Sep.2017,"$173,912.66 ",divorced,secondary,yes,no,unknown,318,1,unknown,no
Lynette  Brewer,Female,43,California,White Collar,26.Sep.2017,"$158,313.48 ",married,tertiary,yes,no,cellular,100,1,failure,no
Shari  Silva,Male,49,Nevada,Blue Collar,26.Sep.2017,"$112,864.94 ",divorced,tertiary,no,no,unknown,40,3,unknown,no
Dan  Peterson,Female,45,Nevada,Other,26.Sep.2017,"$106,416.19 ",divorced,tertiary,yes,no,unknown,55,25,unknown,no
Cindy  Becker,Male,48,Nevada,White Collar,26.Sep.2017,"$80,716.48 ",married,tertiary,no,no,cellular,67,1,unknown,no
Brooke  Horton,Male,64,Nevada,Blue Collar,26.Sep.2017,"$15,409.75 ",married,tertiary,no,no,cellular,76,2,unknown,no
Nellie  Joseph,Male,53,Nevada,Blue Collar,26.Sep.2017,"$97,707.34 ",married,tertiary,yes,no,unknown,73,1,unknown,no
Cassandra  Franklin,Male,45,Nevada,Other,26.Sep.2017,"$115,133.64 ",married,secondary,yes,no,unknown,89,2,unknown,no
Bobbie  Ryan,Female,20,Wyoming,White Collar,26.Sep.2017,"$48,988.97 ",divorced,tertiary,yes,no,cellular,109,3,unknown,no
Drew  Rogers,Female,35,Wyoming,Blue Collar,26.Sep.2017,"$120,235.01 ",divorced,primary,no,no,cellular,98,1,unknown,no
Donna  Reid,Female,34,Wyoming,White Collar,26.Sep.2017,"$20,908.63 ",single,tertiary,yes,no,unknown,21,17,unknown,no
Rachel  Gomez,Female,19,Oregon,Blue Collar,26.Sep.2017,"$95,490.16 ",married,tertiary,yes,no,cellular,465,1,unknown,no
Shari  Silva,Female,31,Oregon,Other,26.Sep.2017,"$41,293.97 ",single,primary,no,no,cellular,106,3,unknown,no
Trevor  Jones,Female,40,Oregon,White Collar,26.Sep.2017,"$9,760.58 ",married,secondary,yes,no,cellular,304,1,failure,no
Ernest  Davis,Male,27,California,White Collar,27.Sep.2017,"$81,557.21 ",married,secondary,no,no,cellular,342,3,unknown,no
Kyle  Carr,Female,46,California,White Collar,27.Sep.2017,"$39,659.07 ",single,tertiary,no,no,unknown,16,25,unknown,no
Robert  Munoz,Female,43,California,White Collar,27.Sep.2017,"$11,693.24 ",single,secondary,yes,no,unknown,543,2,unknown,yes
Patty  Thompson,Male,40,California,Blue Collar,27.Sep.2017,"$106,519.07 ",married,primary,no,no,cellular,338,3,unknown,no
Tracy  Reed,Male,37,California,Other,27.Sep.2017,"$9,001.19 ",married,secondary,no,no,cellular,197,5,unknown,no
Tiffany  May,Female,45,California,Other,27.Sep.2017,"$101,925.93 ",married,secondary,yes,yes,unknown,956,2,unknown,no
Lance  Yates,Female,45,California,White Collar,27.Sep.2017,"$88,579.36 ",single,secondary,yes,no,cellular,95,1,other,no
Andrew  Meyer,Male,31,California,White Collar,27.Sep.2017,"$18,499.12 ",married,secondary,yes,no,unknown,546,9,unknown,no
Jenny  Garcia,Female,37,California,Blue Collar,27.Sep.2017,"$38,772.21 ",married,secondary,yes,yes,unknown,124,4,unknown,no
Bobbie  Ryan,Female,53,Nevada,Other,27.Sep.2017,"$62,244.13 ",single,secondary,yes,no,cellular,113,4,unknown,no
Della  Jensen,Male,58,Nevada,Other,27.Sep.2017,"$87,631.30 ",divorced,secondary,yes,no,cellular,245,3,unknown,no
Blake  Bridges,Male,52,Nevada,Blue Collar,27.Sep.2017,"$95,610.03 ",single,secondary,yes,no,cellular,188,2,unknown,no
Allan  Ramos,Male,54,Nevada,Blue Collar,27.Sep.2017,"$51,912.76 ",single,tertiary,no,no,cellular,199,5,unknown,no
Isabel  Cross,Male,50,Nevada,Blue Collar,27.Sep.2017,"$4,844.30 ",married,tertiary,yes,no,cellular,470,7,other,yes
Lee  Mack,Male,33,Wyoming,Blue Collar,27.Sep.2017,"$162,199.55 ",married,secondary,no,no,unknown,90,1,unknown,no
Kyle  Carr,Male,36,Wyoming,White Collar,27.Sep.2017,"$215,236.99 ",married,secondary,yes,no,unknown,350,5,unknown,no
Elbert  Klein,Female,27,Wyoming,White Collar,27.Sep.2017,"$49,434.57 ",single,tertiary,yes,no,cellular,31,1,failure,no
Lynette  Brewer,Female,40,Oregon,White Collar,27.Sep.2017,"$59,796.54 ",married,tertiary,yes,no,cellular,156,1,unknown,no
Robert  Munoz,Male,40,California,Blue Collar,28.Sep.2017,"$44,376.76 ",married,tertiary,yes,no,unknown,299,1,unknown,no
Max  Rodgers,Female,31,California,Other,28.Sep.2017,"$160,100.90 ",married,secondary,no,no,cellular,510,2,unknown,no
Ruben  Nunez,Male,37,California,White Collar,28.Sep.2017,"$50,850.55 ",married,secondary,yes,no,cellular,177,4,unknown,no
Isabel  Cross,Male,41,California,Other,28.Sep.2017,"$15,649.61 ",married,secondary,no,no,cellular,123,2,unknown,no
Cassandra  Franklin,Female,30,California,Blue Collar,28.Sep.2017,"$20,471.79 ",married,secondary,no,no,cellular,270,1,unknown,no
Rachel  Gomez,Female,31,California,White Collar,28.Sep.2017,"$18,652.43 ",married,primary,yes,no,unknown,225,4,unknown,no
Trevor  Jones,Female,22,California,White Collar,28.Sep.2017,"$125,556.63 ",married,tertiary,no,no,cellular,63,1,unknown,no
Elaine  Ellis,Male,45,California,White Collar,28.Sep.2017,"$109,951.49 ",married,tertiary,yes,no,unknown,247,13,unknown,no
Max  Rodgers,Female,29,California,White Collar,28.Sep.2017,"$155,136.18 ",single,secondary,yes,yes,cellular,206,5,failure,no
Allan  Ramos,Male,50,California,White Collar,28.Sep.2017,"$39,279.16 ",married,tertiary,yes,no,unknown,168,2,unknown,no
Max  Rodgers,Male,41,California,White Collar,28.Sep.2017,"$106,086.78 ",single,tertiary,yes,no,unknown,836,12,unknown,no
Cassandra  Franklin,Male,59,Nevada,Blue Collar,28.Sep.2017,"$102,097.39 ",single,tertiary,no,no,cellular,131,2,unknown,no
Isabel  Cross,Male,47,Nevada,Blue Collar,28.Sep.2017,"$21,301.82 ",single,secondary,yes,yes,unknown,89,1,unknown,no
Elaine  Ellis,Female,55,Nevada,Other,28.Sep.2017,"$18,256.48 ",married,secondary,yes,no,cellular,116,4,unknown,no
Sandra  Floyd,Male,37,Nevada,Blue Collar,28.Sep.2017,"$137,139.97 ",married,unknown,no,no,unknown,58,1,unknown,no
Cindy  Becker,Male,64,Nevada,Blue Collar,28.Sep.2017,"$208,081.93 ",married,secondary,no,no,unknown,36,1,unknown,no
Don  Gonzales,Male,45,Nevada,Blue Collar,28.Sep.2017,"$136,952.55 ",married,secondary,yes,no,cellular,240,2,unknown,no
Blake  Bridges,Female,38,Nevada,Other,28.Sep.2017,"$103,813.54 ",single,secondary,no,no,cellular,132,4,unknown,no
Kyle  Carr,Female,59,Nevada,Other,28.Sep.2017,"$9,960.76 ",married,secondary,yes,yes,cellular,544,1,unknown,no
Andrew  Meyer,Female,58,Nevada,Other,28.Sep.2017,"$80,467.34 ",married,secondary,yes,yes,unknown,266,1,unknown,no
Eddie  Green,Male,61,Nevada,Blue Collar,28.Sep.2017,"$28,547.81 ",single,secondary,no,no,cellular,443,2,unknown,no
Cassandra  Franklin,Female,32,Wyoming,Other,28.Sep.2017,"$29,780.69 ",married,primary,yes,no,cellular,324,1,unknown,no
Isabel  Cross,Female,35,Oregon,Other,28.Sep.2017,"$115,060.27 ",single,secondary,yes,no,cellular,15,10,failure,no
Brooke  Horton,Male,41,Oregon,White Collar,28.Sep.2017,"$127,144.66 ",married,primary,no,no,cellular,263,2,unknown,no
Paulette  Spencer,Female,33,California,White Collar,29.Sep.2017,"$6,826.88 ",divorced,secondary,yes,no,unknown,199,1,unknown,no
Andrew  Meyer,Female,30,California,White Collar,29.Sep.2017,"$116,608.15 ",married,secondary,yes,no,cellular,145,2,unknown,no
Shari  Silva,Female,35,California,White Collar,29.Sep.2017,"$23,999.79 ",divorced,tertiary,no,yes,cellular,56,1,unknown,no
Lynette  Brewer,Male,49,California,Other,29.Sep.2017,"$7,066.88 ",married,secondary,yes,no,cellular,11,9,unknown,no
Elaine  Ellis,Male,31,California,White Collar,29.Sep.2017,"$54,518.49 ",divorced,secondary,yes,no,cellular,411,1,other,no
Max  Rodgers,Male,34,California,Blue Collar,29.Sep.2017,"$201,727.16 ",single,secondary,no,no,cellular,165,23,unknown,no
Shari  Silva,Male,37,California,White Collar,29.Sep.2017,"$136,812.30 ",single,unknown,yes,no,unknown,619,3,unknown,no
Lorraine  Gibson,Male,26,California,White Collar,29.Sep.2017,"$91,904.72 ",married,secondary,yes,no,cellular,203,1,unknown,no
Ruben  Nunez,Female,32,California,White Collar,29.Sep.2017,"$29,842.97 ",married,secondary,yes,no,unknown,254,1,unknown,no
Jenny  Garcia,Male,33,California,White Collar,29.Sep.2017,"$35,336.93 ",single,secondary,yes,no,cellular,1149,6,unknown,yes
Lula  Daniels,Female,26,California,White Collar,29.Sep.2017,"$20,649.43 ",divorced,tertiary,yes,no,unknown,189,1,unknown,no
Elvira  Bowman,Male,34,California,Blue Collar,29.Sep.2017,"$45,956.78 ",single,secondary,yes,no,cellular,707,2,success,yes
Salvador  Bass,Male,38,Nevada,Blue Collar,29.Sep.2017,"$65,046.42 ",married,secondary,yes,no,cellular,196,1,unknown,no
Trevor  Jones,Male,45,Nevada,Other,29.Sep.2017,"$96,405.81 ",divorced,secondary,yes,no,unknown,171,1,unknown,no
Christy  Olson,Male,43,Nevada,Blue Collar,29.Sep.2017,"$86,243.88 ",single,secondary,no,no,cellular,1451,2,unknown,yes
Charlie  Wood,Male,46,Nevada,White Collar,29.Sep.2017,"$18,630.22 ",married,secondary,yes,no,unknown,563,1,unknown,yes
Isabel  Cross,Male,58,Nevada,Other,29.Sep.2017,"$10,723.28 ",single,secondary,no,no,cellular,239,4,unknown,no
Lance  Yates,Male,43,Nevada,Blue Collar,29.Sep.2017,"$31,717.57 ",married,secondary,yes,no,telephone,73,6,unknown,no
Cassandra  Franklin,Female,39,Wyoming,White Collar,29.Sep.2017,"$149,447.34 ",divorced,secondary,yes,no,cellular,203,2,failure,no
Brooke  Horton,Female,43,Oregon,Other,29.Sep.2017,"$32,248.49 ",single,secondary,yes,no,cellular,158,1,success,no
Shari  Silva,Female,24,Oregon,Other,29.Sep.2017,"$1,341.76 ",married,secondary,no,no,cellular,100,4,unknown,no
Beth  Tucker,Female,24,Oregon,White Collar,29.Sep.2017,"$25,890.34 ",single,tertiary,no,yes,cellular,160,1,unknown,no
Elbert  Klein,Female,33,California,White Collar,30.Sep.2017,"$45,452.30 ",single,secondary,yes,no,cellular,661,1,unknown,no
Brooke  Horton,Male,28,California,White Collar,30.Sep.2017,"$110,138.31 ",married,tertiary,yes,no,cellular,166,1,unknown,no
Salvador  Bass,Female,46,California,White Collar,30.Sep.2017,"$168,015.25 ",married,secondary,yes,yes,cellular,114,2,unknown,no
Marian  Hill,Male,29,California,White Collar,30.Sep.2017,"$87,640.60 ",married,tertiary,yes,no,unknown,58,1,unknown,no
Brooke  Horton,Female,38,California,Blue Collar,30.Sep.2017,"$5,612.06 ",married,primary,yes,no,telephone,25,8,unknown,no
Marion  Glover,Female,45,California,Other,30.Sep.2017,"$18,278.55 ",married,secondary,yes,no,cellular,121,2,unknown,no
Isabel  Cross,Female,45,California,White Collar,30.Sep.2017,"$183,819.06 ",married,tertiary,no,yes,unknown,226,4,unknown,no
Cindy  Becker,Male,29,California,White Collar,30.Sep.2017,"$14,892.76 ",single,secondary,no,yes,unknown,234,2,unknown,no
Tiffany  May,Male,30,California,Other,30.Sep.2017,"$31,074.99 ",divorced,tertiary,no,yes,cellular,88,1,unknown,no
Brooke  Horton,Male,40,Nevada,Blue Collar,30.Sep.2017,"$96,247.85 ",married,tertiary,yes,yes,unknown,85,1,unknown,no
Andrew  Meyer,Female,44,Nevada,Other,30.Sep.2017,"$36,768.76 ",married,secondary,yes,no,cellular,134,1,unknown,no
Cindy  Becker,Male,45,Nevada,Other,30.Sep.2017,"$120,995.69 ",married,secondary,no,no,cellular,251,3,unknown,no
Kyle  Carr,Male,57,Nevada,Blue Collar,30.Sep.2017,"$73,667.82 ",single,secondary,yes,no,cellular,152,1,unknown,no
Herman  Williams,Male,50,Nevada,Blue Collar,30.Sep.2017,"$51,849.51 ",married,tertiary,no,no,cellular,202,1,failure,no
Mable  Lindsey,Male,55,Nevada,Blue Collar,30.Sep.2017,"$42,955.93 ",single,primary,yes,no,unknown,379,17,unknown,no
Carla  Mccormick,Female,57,Nevada,Other,30.Sep.2017,"$6,007.43 ",married,secondary,no,yes,cellular,123,6,unknown,no
Max  Rodgers,Female,36,Wyoming,Blue Collar,30.Sep.2017,"$22,752.67 ",married,secondary,no,no,cellular,156,2,unknown,no
Shari  Silva,Female,21,Oregon,Other,30.Sep.2017,"$75,649.37 ",married,secondary,no,no,unknown,332,1,unknown,no
Trevor  Jones,Male,47,California,White Collar,01.Oct.2017,"$13,378.60 ",married,tertiary,yes,no,telephone,90,3,unknown,no
Bobbie  Ryan,Male,33,California,White Collar,01.Oct.2017,"$19,455.76 ",married,primary,yes,no,telephone,291,1,unknown,no
Max  Rodgers,Male,43,California,White Collar,01.Oct.2017,"$47,521.27 ",married,secondary,yes,no,telephone,23,2,unknown,no
Billie  Chandler,Female,34,California,White Collar,01.Oct.2017,"$72,680.36 ",married,primary,no,no,cellular,122,2,unknown,no
Carla  Mccormick,Female,32,California,White Collar,01.Oct.2017,"$47,274.90 ",married,secondary,yes,yes,cellular,105,2,failure,no
Brooke  Horton,Male,34,California,Blue Collar,01.Oct.2017,"$31,880.45 ",married,secondary,yes,no,telephone,1143,4,unknown,no
Ruben  Nunez,Male,29,California,White Collar,01.Oct.2017,"$8,304.48 ",married,primary,no,no,unknown,70,3,unknown,no
Bethany  Pena,Male,53,Nevada,Blue Collar,01.Oct.2017,"$64,589.96 ",married,secondary,yes,no,cellular,264,2,unknown,no
Jenny  Garcia,Male,52,Nevada,Blue Collar,01.Oct.2017,"$70,553.25 ",single,secondary,no,no,cellular,204,2,unknown,no
Johanna  Boone,Female,56,Nevada,Other,01.Oct.2017,"$14,968.24 ",single,tertiary,yes,no,cellular,182,1,unknown,no
Cassandra  Franklin,Male,54,Nevada,Blue Collar,01.Oct.2017,"$52,218.55 ",divorced,secondary,yes,no,cellular,386,2,unknown,no
Shari  Silva,Female,51,Nevada,Other,01.Oct.2017,"$8,158.51 ",married,primary,no,yes,unknown,295,3,unknown,no
Tracy  Reed,Male,37,California,White Collar,02.Oct.2017,"$42,998.49 ",married,secondary,yes,no,cellular,86,2,unknown,no
Ellen  Weaver,Female,41,California,Other,02.Oct.2017,"$29,757.94 ",married,secondary,no,no,cellular,16,20,unknown,no
Cecilia  Manning,Female,32,California,White Collar,02.Oct.2017,"$74,791.30 ",married,tertiary,no,no,cellular,413,2,unknown,no
Edwin  Malone,Female,34,California,White Collar,02.Oct.2017,"$35,829.76 ",single,tertiary,yes,yes,unknown,323,3,unknown,no
Cassandra  Franklin,Male,38,California,Other,02.Oct.2017,"$88,448.99 ",married,tertiary,no,no,cellular,78,3,unknown,no
Rachel  Gomez,Female,33,California,White Collar,02.Oct.2017,"$68,708.69 ",single,tertiary,no,no,cellular,121,3,unknown,no
Lula  Daniels,Female,42,California,White Collar,02.Oct.2017,"$22,370.61 ",single,secondary,no,yes,cellular,477,1,unknown,yes
Cecilia  Manning,Male,28,California,White Collar,02.Oct.2017,"$21,563.61 ",married,tertiary,no,no,cellular,265,1,unknown,no
Rachel  Gomez,Male,28,California,White Collar,02.Oct.2017,"$34,440.96 ",single,tertiary,no,no,cellular,418,2,unknown,yes
Salvador  Bass,Male,33,California,White Collar,02.Oct.2017,"$72,067.70 ",married,primary,yes,no,cellular,386,4,unknown,no
Shari  Silva,Female,41,California,Blue Collar,02.Oct.2017,"$1,437.48 ",single,secondary,no,no,unknown,594,2,unknown,no
Cecilia  Manning,Male,31,California,Blue Collar,02.Oct.2017,"$118,377.79 ",married,tertiary,no,no,cellular,161,1,unknown,no
Nellie  Joseph,Male,48,Nevada,Blue Collar,02.Oct.2017,"$81,816.25 ",married,secondary,yes,yes,cellular,450,3,unknown,no
Nellie  Joseph,Female,40,Nevada,Other,02.Oct.2017,"$54,522.01 ",married,secondary,yes,no,cellular,217,6,unknown,no
Kyle  Carr,Male,36,Wyoming,White Collar,02.Oct.2017,"$34,762.54 ",single,tertiary,no,no,cellular,136,1,unknown,no
Austin  Reynolds,Female,43,California,White Collar,03.Oct.2017,"$64,136.91 ",single,secondary,yes,no,unknown,322,1,unknown,no
Lance  Yates,Male,36,California,White Collar,03.Oct.2017,"$33,842.19 ",single,secondary,no,no,cellular,104,1,failure,no
Brooke  Horton,Male,40,California,White Collar,03.Oct.2017,"$18,838.27 ",married,secondary,no,yes,cellular,189,2,failure,no
Blake  Bridges,Female,43,California,White Collar,03.Oct.2017,"$34,701.61 ",married,secondary,no,no,cellular,250,4,failure,yes
Brooke  Horton,Female,45,California,White Collar,03.Oct.2017,"$79,903.28 ",divorced,tertiary,no,no,cellular,123,5,unknown,no
Andrew  Meyer,Male,32,California,White Collar,03.Oct.2017,"$24,069.12 ",married,primary,no,no,cellular,427,1,failure,yes
Salvador  Bass,Male,36,California,White Collar,03.Oct.2017,"$65,494.70 ",single,secondary,no,yes,cellular,632,2,unknown,no
Beth  Tucker,Male,40,California,White Collar,03.Oct.2017,"$11,552.82 ",married,tertiary,yes,no,cellular,101,3,unknown,no
Drew  Rogers,Male,33,California,White Collar,03.Oct.2017,"$59,140.31 ",married,secondary,no,no,cellular,467,2,other,yes
Sandra  Floyd,Female,30,California,White Collar,03.Oct.2017,"$206,097.36 ",single,secondary,yes,no,cellular,640,2,unknown,no
Robert  Munoz,Male,42,California,White Collar,03.Oct.2017,"$49,213.04 ",married,tertiary,yes,yes,cellular,517,1,failure,no
Peter  Hodges,Female,28,California,White Collar,03.Oct.2017,"$113,886.21 ",married,secondary,yes,no,unknown,160,3,unknown,no
Beth  Tucker,Male,26,Nevada,Blue Collar,03.Oct.2017,"$104,332.79 ",divorced,tertiary,yes,no,cellular,177,3,unknown,no
Pauline  Beck,Male,52,Nevada,Blue Collar,03.Oct.2017,"$59,717.06 ",married,secondary,yes,no,unknown,206,1,unknown,no
Eric  Rose,Male,58,Nevada,Blue Collar,03.Oct.2017,"$46,389.75 ",married,secondary,yes,no,unknown,208,2,unknown,no
Marian  Hill,Male,47,Nevada,Other,03.Oct.2017,"$130,848.25 ",single,tertiary,yes,no,cellular,169,1,unknown,no
Eddie  Green,Female,48,Nevada,Other,03.Oct.2017,"$18,514.07 ",married,secondary,yes,no,cellular,287,2,failure,yes
Marion  Glover,Male,50,Nevada,Blue Collar,03.Oct.2017,"$32,664.06 ",married,tertiary,yes,yes,cellular,505,3,unknown,no
Don  Gonzales,Male,58,Nevada,Blue Collar,03.Oct.2017,"$19,745.49 ",married,secondary,yes,no,cellular,284,2,failure,no
Robert  Munoz,Male,41,Wyoming,Blue Collar,03.Oct.2017,"$49,009.00 ",married,primary,no,no,cellular,89,4,failure,no
Edwin  Malone,Male,27,California,Blue Collar,04.Oct.2017,"$11,021.48 ",single,tertiary,no,no,cellular,138,1,unknown,no
Lance  Yates,Female,42,California,Other,04.Oct.2017,"$15,763.28 ",married,tertiary,no,no,cellular,321,3,success,yes
Cindy  Becker,Male,41,California,White Collar,04.Oct.2017,"$80,978.97 ",married,primary,yes,no,unknown,262,4,unknown,no
Patty  Thompson,Female,25,California,Blue Collar,04.Oct.2017,"$8,193.66 ",married,secondary,no,no,cellular,61,1,unknown,no
Christina  Fuller,Female,34,California,White Collar,04.Oct.2017,"$15,810.63 ",divorced,tertiary,yes,no,cellular,217,9,unknown,no
Elvira  Bowman,Male,47,California,White Collar,04.Oct.2017,"$80,279.78 ",married,tertiary,yes,yes,cellular,192,2,unknown,no
Christina  Fuller,Female,28,California,White Collar,04.Oct.2017,"$29,650.64 ",married,tertiary,no,no,cellular,174,2,unknown,no
Edwin  Malone,Male,44,California,Other,04.Oct.2017,"$80,688.19 ",married,secondary,no,no,unknown,292,2,unknown,no
Lynette  Brewer,Male,39,California,Blue Collar,04.Oct.2017,"$14,845.40 ",married,primary,yes,no,unknown,240,2,unknown,no
Brooke  Horton,Female,38,California,White Collar,04.Oct.2017,"$101,255.66 ",divorced,secondary,no,no,cellular,282,2,unknown,no
Austin  Reynolds,Male,37,California,White Collar,04.Oct.2017,"$28,377.70 ",married,secondary,yes,yes,telephone,128,6,unknown,no
Donna  Reid,Male,22,California,White Collar,04.Oct.2017,"$1,165.45 ",married,primary,no,no,telephone,161,1,unknown,no
Rachel  Gomez,Male,34,California,White Collar,04.Oct.2017,"$149,154.97 ",single,primary,yes,no,cellular,291,1,failure,no
Isabel  Cross,Female,49,Nevada,White Collar,04.Oct.2017,"$96,598.12 ",single,secondary,yes,no,cellular,356,1,unknown,no
Jenny  Garcia,Female,53,Nevada,Other,04.Oct.2017,"$11,771.64 ",married,tertiary,yes,no,unknown,294,2,unknown,no
Carla  Mccormick,Female,36,California,White Collar,05.Oct.2017,"$77,035.21 ",single,unknown,no,no,unknown,422,1,unknown,no
Shari  Silva,Female,34,California,White Collar,05.Oct.2017,"$13,859.70 ",single,tertiary,yes,no,unknown,806,1,unknown,yes
Brooke  Horton,Female,27,California,Blue Collar,05.Oct.2017,"$5,179.45 ",single,primary,no,no,unknown,227,1,unknown,no
Iris  Underwood,Female,35,California,Blue Collar,05.Oct.2017,"$58,278.30 ",married,secondary,no,no,cellular,560,2,unknown,no
Elvira  Bowman,Male,42,California,White Collar,05.Oct.2017,$548.57 ,single,secondary,yes,no,cellular,135,1,unknown,no
Herman  Williams,Male,22,California,White Collar,05.Oct.2017,"$99,223.67 ",single,secondary,yes,no,unknown,361,1,unknown,no
Robert  Munoz,Male,61,Nevada,Other,05.Oct.2017,"$52,746.34 ",married,primary,yes,yes,cellular,246,1,unknown,no
Bernadette  Page,Female,44,Wyoming,Other,05.Oct.2017,"$2,810.79 ",married,tertiary,yes,no,cellular,419,2,unknown,no
Isabel  Cross,Female,46,Oregon,Other,05.Oct.2017,"$66,976.30 ",single,secondary,no,no,cellular,449,2,other,yes
Drew  Rogers,Male,31,California,Blue Collar,06.Oct.2017,"$84,777.60 ",married,secondary,yes,no,cellular,71,1,unknown,no
Shari  Silva,Female,22,California,Blue Collar,06.Oct.2017,"$3,434.19 ",married,tertiary,yes,no,cellular,357,3,unknown,no
Salvador  Bass,Female,25,California,White Collar,06.Oct.2017,"$44,432.18 ",married,tertiary,yes,no,cellular,164,2,failure,no
Don  Gonzales,Male,47,California,White Collar,06.Oct.2017,"$95,142.97 ",divorced,secondary,yes,no,unknown,263,4,unknown,no
Drew  Rogers,Male,26,California,White Collar,06.Oct.2017,"$121,624.54 ",married,secondary,no,no,unknown,146,2,unknown,no
Della  Jensen,Female,38,California,Other,06.Oct.2017,"$55,434.93 ",married,primary,no,no,cellular,759,2,unknown,yes
Patty  Thompson,Male,37,California,White Collar,06.Oct.2017,"$41,083.28 ",divorced,secondary,no,no,cellular,72,2,failure,no
Brooke  Horton,Female,27,California,Blue Collar,06.Oct.2017,"$171,968.72 ",married,secondary,yes,yes,cellular,131,2,unknown,no
Brooke  Horton,Female,25,California,Blue Collar,06.Oct.2017,"$46,436.33 ",divorced,secondary,no,yes,cellular,808,2,unknown,yes
Trevor  Jones,Female,20,California,White Collar,06.Oct.2017,"$111,760.03 ",married,tertiary,no,no,cellular,1183,1,unknown,no
Ernest  Davis,Female,45,Nevada,Other,06.Oct.2017,"$37,301.91 ",married,secondary,no,no,cellular,123,3,unknown,no
Brooke  Horton,Male,50,Nevada,Blue Collar,06.Oct.2017,"$2,336.63 ",married,secondary,yes,no,unknown,483,2,unknown,no
Cassandra  Franklin,Female,53,Nevada,Other,06.Oct.2017,"$19,058.12 ",single,tertiary,no,no,cellular,238,3,unknown,no
Patty  Thompson,Female,52,Nevada,Other,06.Oct.2017,"$9,285.40 ",married,tertiary,yes,no,cellular,90,1,unknown,no
Carla  Mccormick,Male,58,Nevada,Blue Collar,06.Oct.2017,"$77,197.96 ",married,unknown,no,no,cellular,464,1,failure,yes
Robert  Munoz,Male,42,Wyoming,White Collar,06.Oct.2017,"$8,111.96 ",divorced,tertiary,no,no,cellular,385,9,unknown,no
Cecilia  Manning,Male,37,Wyoming,White Collar,06.Oct.2017,"$19,410.37 ",married,secondary,yes,no,unknown,240,2,unknown,no
Max  Rodgers,Male,31,Wyoming,Blue Collar,06.Oct.2017,"$59,821.91 ",married,primary,no,yes,cellular,104,1,unknown,no
Marian  Hill,Female,24,Wyoming,Blue Collar,06.Oct.2017,"$24,665.69 ",married,secondary,no,no,cellular,109,2,unknown,no
Brooke  Horton,Female,36,Wyoming,White Collar,06.Oct.2017,"$2,351.61 ",married,primary,no,no,cellular,598,4,unknown,no
Elaine  Ellis,Female,43,California,Blue Collar,07.Oct.2017,"$31,337.07 ",single,tertiary,yes,no,unknown,274,8,unknown,no
Isabel  Cross,Female,38,California,White Collar,07.Oct.2017,"$50,132.33 ",single,secondary,no,no,cellular,123,2,unknown,no
Joey  Wong,Male,30,California,White Collar,07.Oct.2017,"$81,241.55 ",divorced,secondary,no,yes,cellular,70,1,unknown,no
Austin  Reynolds,Male,37,California,White Collar,07.Oct.2017,"$36,726.36 ",single,tertiary,yes,no,unknown,260,1,unknown,no
Bernadette  Page,Female,36,California,White Collar,07.Oct.2017,"$166,224.93 ",single,tertiary,yes,no,cellular,190,3,unknown,no
Lance  Yates,Male,30,California,White Collar,07.Oct.2017,"$60,428.81 ",married,primary,yes,no,unknown,521,2,unknown,no
Drew  Rogers,Male,32,Nevada,Blue Collar,07.Oct.2017,"$1,044.99 ",married,secondary,yes,no,cellular,228,1,unknown,no
Trevor  Jones,Male,56,Nevada,Blue Collar,07.Oct.2017,"$31,634.90 ",married,tertiary,no,no,telephone,466,4,unknown,yes
Ivan  Adkins,Male,59,Nevada,Blue Collar,07.Oct.2017,"$1,029.85 ",single,tertiary,no,no,cellular,74,2,unknown,no
Andrew  Meyer,Female,26,Wyoming,White Collar,07.Oct.2017,"$56,104.03 ",married,secondary,yes,no,unknown,57,2,unknown,no
Tracy  Reed,Male,28,California,Blue Collar,08.Oct.2017,"$153,659.69 ",married,secondary,no,no,cellular,119,3,unknown,no
Jenny  Garcia,Female,35,California,Other,08.Oct.2017,"$62,927.18 ",married,tertiary,no,no,cellular,124,2,unknown,no
Bobbie  Ryan,Male,46,California,Blue Collar,08.Oct.2017,"$33,309.09 ",married,secondary,yes,yes,cellular,65,50,unknown,no
Ellen  Weaver,Male,41,California,White Collar,08.Oct.2017,"$42,505.25 ",divorced,tertiary,no,yes,cellular,127,6,unknown,no
Cecilia  Manning,Female,42,California,White Collar,08.Oct.2017,"$82,377.01 ",married,secondary,yes,no,cellular,172,3,unknown,no
Ernest  Davis,Male,42,California,White Collar,08.Oct.2017,"$49,699.48 ",single,secondary,yes,no,cellular,174,6,unknown,no
Christina  Fuller,Male,30,California,Blue Collar,08.Oct.2017,"$3,884.58 ",married,unknown,no,no,telephone,41,6,unknown,no
Brooke  Horton,Male,37,California,Blue Collar,08.Oct.2017,"$42,366.00 ",married,primary,yes,no,unknown,232,3,unknown,no
Don  Gonzales,Male,37,California,Other,08.Oct.2017,"$13,162.55 ",divorced,secondary,no,yes,unknown,161,1,unknown,no
Brooke  Horton,Female,41,California,White Collar,08.Oct.2017,"$53,989.78 ",married,primary,no,no,cellular,124,1,unknown,no
Della  Jensen,Female,31,California,White Collar,08.Oct.2017,"$15,688.45 ",married,primary,no,yes,unknown,701,1,unknown,yes
Bobbie  Ryan,Male,62,Nevada,Blue Collar,08.Oct.2017,"$124,768.36 ",married,primary,yes,no,unknown,162,2,unknown,no
Tiffany  May,Male,46,Nevada,Other,08.Oct.2017,"$114,328.49 ",single,unknown,yes,no,unknown,431,2,unknown,no
Fernando  Rowe,Male,54,Nevada,Blue Collar,08.Oct.2017,"$143,819.28 ",married,secondary,yes,no,cellular,191,3,unknown,no
Max  Rodgers,Female,60,Nevada,Other,08.Oct.2017,"$71,553.81 ",married,tertiary,yes,no,cellular,249,5,unknown,no
Brooke  Horton,Male,44,Nevada,Blue Collar,08.Oct.2017,"$9,995.06 ",married,unknown,yes,no,unknown,189,1,unknown,no
Guillermo  Potter,Male,52,Nevada,Blue Collar,08.Oct.2017,"$1,006.10 ",single,secondary,no,no,cellular,167,4,unknown,no
Woodrow  Colon,Female,44,Wyoming,White Collar,08.Oct.2017,"$141,375.27 ",single,tertiary,no,no,cellular,73,4,unknown,no
Mable  Lindsey,Female,20,Oregon,Other,08.Oct.2017,"$14,488.00 ",divorced,tertiary,yes,no,unknown,162,1,unknown,no
Sylvester  Morales,Female,40,Oregon,Blue Collar,08.Oct.2017,"$87,597.28 ",married,secondary,yes,no,cellular,235,2,unknown,no
Shari  Silva,Male,40,California,Blue Collar,09.Oct.2017,"$61,747.06 ",divorced,secondary,no,no,cellular,44,1,unknown,no
Salvador  Bass,Female,31,California,White Collar,09.Oct.2017,"$31,272.10 ",divorced,tertiary,yes,yes,unknown,127,2,unknown,no
Lance  Yates,Male,33,California,Blue Collar,09.Oct.2017,"$19,100.96 ",married,secondary,yes,no,cellular,93,3,failure,no
Jenny  Garcia,Female,34,California,White Collar,09.Oct.2017,"$44,778.97 ",married,unknown,no,no,cellular,143,1,other,no
Brooke  Horton,Male,27,California,White Collar,09.Oct.2017,"$12,119.63 ",single,tertiary,yes,no,cellular,81,2,unknown,no
Austin  Reynolds,Male,34,California,White Collar,09.Oct.2017,"$4,498.30 ",single,secondary,yes,yes,unknown,77,2,unknown,no
Drew  Rogers,Female,36,California,White Collar,09.Oct.2017,"$36,084.04 ",married,secondary,yes,no,unknown,115,4,unknown,no
Sylvester  Morales,Female,39,California,White Collar,09.Oct.2017,"$50,301.67 ",single,tertiary,no,no,unknown,125,1,failure,no
Eddie  Green,Female,38,California,White Collar,09.Oct.2017,"$53,717.94 ",single,tertiary,no,no,cellular,53,4,unknown,no
Salvador  Bass,Male,30,California,White Collar,09.Oct.2017,"$30,389.97 ",married,unknown,no,no,telephone,77,2,unknown,no
Sylvester  Morales,Male,47,Nevada,Blue Collar,09.Oct.2017,"$25,781.09 ",divorced,secondary,yes,no,telephone,45,1,unknown,no
Lynette  Brewer,Female,52,Nevada,Blue Collar,09.Oct.2017,"$52,073.60 ",married,tertiary,no,no,cellular,74,2,unknown,no
Cindy  Becker,Male,60,Nevada,Blue Collar,09.Oct.2017,"$17,406.51 ",married,primary,no,no,cellular,169,5,unknown,no
Woodrow  Colon,Male,54,Nevada,Blue Collar,09.Oct.2017,"$143,852.01 ",single,tertiary,no,no,cellular,269,2,unknown,no
Lance  Yates,Male,39,Wyoming,Other,09.Oct.2017,"$5,334.66 ",divorced,primary,no,no,cellular,52,2,failure,no
Don  Gonzales,Female,38,Wyoming,White Collar,09.Oct.2017,"$45,290.49 ",married,primary,yes,no,cellular,246,3,unknown,no
Colleen  Warren,Male,35,Wyoming,Other,09.Oct.2017,"$203,529.15 ",married,secondary,yes,no,unknown,218,1,unknown,no
Billie  Chandler,Female,30,Oregon,Other,09.Oct.2017,"$90,125.84 ",divorced,secondary,no,no,cellular,167,1,success,yes
Bernadette  Page,Female,31,Oregon,White Collar,09.Oct.2017,"$72,010.24 ",married,tertiary,yes,no,cellular,316,3,other,yes
Blake  Bridges,Male,37,California,White Collar,10.Oct.2017,"$176,684.09 ",married,unknown,yes,no,cellular,142,1,unknown,no
Lorraine  Gibson,Female,19,California,White Collar,10.Oct.2017,"$56,634.70 ",single,secondary,yes,no,cellular,75,1,unknown,no
Brooke  Horton,Male,33,California,Blue Collar,10.Oct.2017,"$7,023.43 ",married,tertiary,no,yes,cellular,204,1,unknown,no
Colleen  Warren,Male,36,California,White Collar,10.Oct.2017,"$62,153.03 ",divorced,primary,no,yes,cellular,542,1,unknown,no
Elaine  Ellis,Male,48,California,Other,10.Oct.2017,"$58,872.70 ",single,secondary,yes,yes,unknown,122,2,unknown,no
Ben  Perez,Female,25,California,White Collar,10.Oct.2017,"$61,812.15 ",married,secondary,yes,no,unknown,70,1,unknown,no
Cindy  Becker,Male,52,Nevada,Blue Collar,10.Oct.2017,"$50,921.33 ",married,secondary,yes,no,cellular,266,1,unknown,no
Kyle  Carr,Male,39,Wyoming,White Collar,10.Oct.2017,"$42,001.78 ",married,unknown,yes,no,cellular,34,9,unknown,no
Blake  Bridges,Female,23,Oregon,Other,10.Oct.2017,"$83,313.55 ",single,tertiary,no,no,cellular,203,4,unknown,no
Pauline  Beck,Female,43,Oregon,Other,10.Oct.2017,"$44,760.78 ",married,tertiary,no,yes,unknown,85,3,unknown,no
Johanna  Boone,Female,24,California,White Collar,11.Oct.2017,"$41,500.99 ",divorced,secondary,no,no,cellular,11,4,unknown,no
Lorraine  Gibson,Female,31,California,White Collar,11.Oct.2017,"$7,554.51 ",married,secondary,yes,no,unknown,13,10,unknown,no
Colleen  Warren,Male,24,California,Blue Collar,11.Oct.2017,"$8,053.70 ",married,tertiary,yes,no,cellular,562,1,unknown,yes
Pauline  Beck,Female,31,California,White Collar,11.Oct.2017,"$130,870.66 ",married,secondary,yes,no,cellular,185,3,unknown,no
Shari  Silva,Female,29,California,White Collar,11.Oct.2017,"$14,360.67 ",married,tertiary,no,no,cellular,158,1,failure,no
Peter  Hodges,Female,25,California,White Collar,11.Oct.2017,"$30,464.84 ",divorced,secondary,yes,no,cellular,515,1,failure,yes
Johanna  Boone,Male,30,California,White Collar,11.Oct.2017,"$34,365.10 ",divorced,secondary,yes,no,cellular,60,5,unknown,no
Shari  Silva,Female,32,California,White Collar,11.Oct.2017,"$46,978.15 ",married,primary,no,no,cellular,173,2,unknown,no
Bernadette  Page,Male,29,California,White Collar,11.Oct.2017,"$16,783.63 ",married,secondary,yes,no,unknown,353,4,unknown,no
Billie  Chandler,Female,21,California,White Collar,11.Oct.2017,"$21,788.90 ",married,secondary,yes,no,cellular,143,3,failure,no
Bernadette  Page,Male,48,California,White Collar,11.Oct.2017,"$5,911.81 ",married,secondary,yes,no,cellular,18,5,unknown,no
Shari  Silva,Female,59,Nevada,White Collar,11.Oct.2017,"$42,120.87 ",divorced,secondary,no,no,cellular,466,1,unknown,no
Cindy  Becker,Female,54,Nevada,Other,11.Oct.2017,"$60,732.13 ",married,secondary,yes,no,cellular,85,1,failure,no
Ernest  Davis,Male,50,Nevada,Blue Collar,11.Oct.2017,"$51,898.51 ",divorced,secondary,yes,yes,cellular,148,1,unknown,no
Andrew  Meyer,Male,30,Wyoming,Blue Collar,11.Oct.2017,"$62,698.25 ",single,unknown,yes,no,cellular,123,1,unknown,no
Peter  Hodges,Female,46,Wyoming,White Collar,11.Oct.2017,"$81,657.15 ",married,unknown,no,no,cellular,121,1,unknown,no
Brooke  Horton,Male,27,Wyoming,White Collar,11.Oct.2017,"$148,509.81 ",married,secondary,yes,yes,unknown,245,3,unknown,no
Sonya  Mullins,Male,28,Oregon,Blue Collar,11.Oct.2017,"$50,075.40 ",married,secondary,no,no,cellular,215,1,unknown,yes
Cassandra  Franklin,Male,39,California,White Collar,12.Oct.2017,"$79,682.42 ",married,secondary,yes,no,unknown,190,6,unknown,no
Rachel  Gomez,Male,41,California,White Collar,12.Oct.2017,"$22,088.61 ",married,secondary,no,no,unknown,44,1,unknown,no
Jaime  Pearson,Female,32,California,White Collar,12.Oct.2017,"$133,325.88 ",married,secondary,no,no,cellular,171,1,unknown,no
Brooke  Horton,Male,32,California,White Collar,12.Oct.2017,"$67,129.88 ",married,secondary,yes,no,cellular,62,12,unknown,no
Lance  Yates,Female,34,California,White Collar,12.Oct.2017,"$77,045.99 ",married,secondary,yes,yes,unknown,172,1,unknown,no
Lance  Yates,Male,31,California,White Collar,12.Oct.2017,"$40,167.57 ",single,secondary,yes,no,unknown,78,10,unknown,no
Ben  Perez,Female,39,California,Blue Collar,12.Oct.2017,"$32,721.75 ",married,secondary,yes,no,unknown,319,5,unknown,no
Salvador  Bass,Female,37,California,White Collar,12.Oct.2017,"$71,407.22 ",single,secondary,no,yes,cellular,111,1,unknown,no
Johanna  Boone,Female,40,California,White Collar,12.Oct.2017,"$2,907.60 ",married,primary,yes,no,unknown,158,1,unknown,no
Isabel  Cross,Male,46,Nevada,Blue Collar,12.Oct.2017,"$141,324.06 ",married,secondary,no,no,cellular,82,12,unknown,no
Shari  Silva,Male,61,Nevada,Other,12.Oct.2017,"$63,390.63 ",married,tertiary,yes,no,unknown,128,6,unknown,no
Robert  Munoz,Male,44,Nevada,Blue Collar,12.Oct.2017,"$35,337.18 ",married,secondary,yes,no,unknown,102,4,unknown,no
Eric  Rose,Female,23,Wyoming,White Collar,12.Oct.2017,"$97,968.78 ",single,tertiary,yes,no,unknown,124,2,unknown,no
Arturo  Francis,Female,36,Wyoming,White Collar,12.Oct.2017,"$53,510.15 ",married,secondary,yes,no,cellular,334,2,unknown,no
Ernest  Davis,Female,32,Wyoming,White Collar,12.Oct.2017,"$76,429.16 ",married,tertiary,no,no,cellular,134,5,success,yes
Jaime  Pearson,Female,29,Oregon,Blue Collar,12.Oct.2017,"$20,496.31 ",married,tertiary,no,no,cellular,218,1,unknown,no
Andrew  Meyer,Female,43,California,White Collar,13.Oct.2017,"$21,675.72 ",married,primary,no,no,unknown,313,1,unknown,no
Ben  Perez,Male,33,California,White Collar,13.Oct.2017,"$14,905.12 ",single,secondary,yes,yes,unknown,207,3,unknown,no
Bobbie  Ryan,Female,39,California,White Collar,13.Oct.2017,"$93,882.91 ",married,tertiary,yes,no,unknown,262,1,unknown,no
Bethany  Pena,Female,41,California,Blue Collar,13.Oct.2017,"$67,917.58 ",divorced,tertiary,no,no,cellular,134,2,unknown,no
Sandra  Floyd,Male,35,California,White Collar,13.Oct.2017,"$114,148.39 ",divorced,tertiary,yes,yes,unknown,197,3,unknown,no
Patty  Thompson,Female,30,California,Blue Collar,13.Oct.2017,"$41,706.33 ",married,secondary,yes,no,cellular,214,3,unknown,no
Ben  Perez,Female,34,California,White Collar,13.Oct.2017,"$26,757.36 ",married,tertiary,yes,yes,cellular,1165,7,unknown,no
Jenny  Garcia,Female,35,California,White Collar,13.Oct.2017,"$3,163.36 ",divorced,secondary,yes,no,cellular,177,2,unknown,no
Nellie  Joseph,Male,34,California,White Collar,13.Oct.2017,"$25,382.33 ",single,secondary,yes,no,unknown,141,6,unknown,no
Iris  Underwood,Female,24,California,White Collar,13.Oct.2017,"$3,865.09 ",married,secondary,yes,yes,cellular,164,6,unknown,no
Woodrow  Colon,Female,32,California,White Collar,13.Oct.2017,"$41,768.31 ",single,secondary,no,no,cellular,151,1,unknown,no
Shari  Silva,Male,43,Nevada,Other,13.Oct.2017,"$14,247.12 ",married,secondary,no,no,cellular,145,2,failure,no
Bethany  Pena,Male,52,Nevada,Other,13.Oct.2017,"$68,643.54 ",divorced,primary,yes,no,unknown,111,1,unknown,no
Sylvester  Morales,Male,51,Nevada,White Collar,13.Oct.2017,"$36,932.55 ",single,primary,no,no,cellular,217,1,failure,no
Trevor  Jones,Male,55,Nevada,Other,13.Oct.2017,"$111,243.37 ",married,tertiary,yes,no,cellular,253,4,unknown,no
Felicia  Jennings,Male,58,Nevada,Blue Collar,13.Oct.2017,"$191,431.25 ",divorced,tertiary,no,no,unknown,74,1,unknown,no
Trevor  Jones,Male,44,Nevada,Blue Collar,13.Oct.2017,"$97,728.85 ",married,tertiary,no,no,cellular,263,2,unknown,no
Andrew  Meyer,Female,33,Wyoming,White Collar,13.Oct.2017,"$79,302.52 ",married,primary,yes,no,unknown,233,1,unknown,no
Drew  Rogers,Female,31,Wyoming,Other,13.Oct.2017,"$22,329.16 ",single,tertiary,no,no,cellular,402,2,unknown,no
Isabel  Cross,Female,22,Oregon,Other,13.Oct.2017,"$27,310.51 ",married,unknown,no,no,cellular,585,1,unknown,no
Isabel  Cross,Male,29,California,White Collar,14.Oct.2017,"$54,598.99 ",married,primary,yes,yes,unknown,145,1,unknown,no
Nellie  Joseph,Female,25,California,White Collar,14.Oct.2017,"$35,180.46 ",married,unknown,no,no,unknown,143,5,unknown,no
Felicia  Jennings,Male,38,California,White Collar,14.Oct.2017,"$134,700.27 ",married,primary,no,yes,cellular,524,1,unknown,no
Woodrow  Colon,Female,40,California,Other,14.Oct.2017,"$2,677.93 ",married,secondary,no,no,cellular,270,1,unknown,no
Blake  Bridges,Male,40,California,White Collar,14.Oct.2017,"$57,136.00 ",married,primary,yes,no,unknown,272,1,unknown,no
Rachel  Gomez,Male,38,California,Blue Collar,14.Oct.2017,"$124,075.72 ",married,tertiary,no,no,cellular,187,2,unknown,no
Rachel  Gomez,Male,28,California,White Collar,14.Oct.2017,"$17,951.06 ",single,secondary,no,no,cellular,268,2,unknown,no
Della  Jensen,Male,60,Nevada,Blue Collar,14.Oct.2017,"$34,344.63 ",married,tertiary,yes,yes,cellular,183,1,unknown,no
Austin  Reynolds,Male,44,Nevada,Blue Collar,14.Oct.2017,"$27,451.81 ",married,secondary,yes,no,cellular,123,3,failure,no
Dan  Peterson,Male,31,Wyoming,Blue Collar,14.Oct.2017,"$83,633.36 ",single,tertiary,yes,no,cellular,20,4,unknown,no
Robert  Munoz,Male,36,Wyoming,Blue Collar,14.Oct.2017,"$84,250.82 ",married,secondary,yes,no,cellular,232,4,failure,no
Cecilia  Manning,Male,35,Wyoming,White Collar,14.Oct.2017,"$19,123.64 ",married,tertiary,yes,no,cellular,547,7,unknown,no
Johanna  Boone,Female,28,Oregon,Other,14.Oct.2017,"$198,580.75 ",married,secondary,no,no,cellular,71,9,unknown,no
Drew  Rogers,Female,35,California,Other,15.Oct.2017,"$156,516.93 ",married,secondary,no,no,cellular,113,6,unknown,no
Ernest  Davis,Female,31,California,Other,15.Oct.2017,"$121,260.46 ",married,secondary,no,no,cellular,780,4,unknown,yes
Blake  Bridges,Male,43,California,Blue Collar,15.Oct.2017,"$4,425.12 ",single,secondary,yes,no,cellular,246,1,other,no
Robert  Munoz,Female,29,California,Other,15.Oct.2017,"$102,004.52 ",single,unknown,yes,no,unknown,108,12,unknown,no
Shari  Silva,Female,45,California,White Collar,15.Oct.2017,"$121,446.52 ",single,secondary,yes,no,cellular,253,1,unknown,no
Beth  Tucker,Male,38,California,Blue Collar,15.Oct.2017,"$10,383.88 ",married,primary,yes,no,cellular,175,1,unknown,no
Isabel  Cross,Male,33,California,White Collar,15.Oct.2017,"$48,129.82 ",married,tertiary,yes,no,unknown,106,1,unknown,no
Austin  Reynolds,Female,35,California,White Collar,15.Oct.2017,"$15,981.12 ",married,primary,yes,no,cellular,86,2,unknown,no
Austin  Reynolds,Male,47,California,White Collar,15.Oct.2017,"$58,393.48 ",married,primary,yes,no,unknown,248,3,unknown,no
Arturo  Francis,Female,46,California,White Collar,15.Oct.2017,"$68,263.67 ",married,secondary,yes,yes,telephone,265,2,unknown,no
Isabel  Cross,Male,24,California,White Collar,15.Oct.2017,"$83,685.51 ",divorced,secondary,yes,no,unknown,182,5,unknown,no
Beth  Tucker,Female,54,Nevada,White Collar,15.Oct.2017,"$24,375.43 ",divorced,primary,no,no,cellular,916,3,unknown,no
Sonya  Mullins,Male,46,Nevada,Blue Collar,15.Oct.2017,"$76,035.99 ",married,primary,no,no,cellular,506,1,unknown,no
Shari  Silva,Male,41,Nevada,Blue Collar,15.Oct.2017,"$37,919.97 ",single,secondary,yes,no,cellular,81,1,unknown,no
Tiffany  May,Female,51,Nevada,Blue Collar,15.Oct.2017,"$36,173.75 ",married,primary,yes,no,cellular,30,1,unknown,no
Cassandra  Franklin,Male,57,Nevada,Other,15.Oct.2017,"$208,221.72 ",single,tertiary,no,no,cellular,904,3,unknown,yes
Lance  Yates,Male,41,Wyoming,Other,15.Oct.2017,"$89,665.01 ",single,primary,yes,no,unknown,699,3,unknown,no
Drew  Rogers,Female,38,Wyoming,White Collar,15.Oct.2017,"$40,721.97 ",married,secondary,yes,no,cellular,19,1,unknown,no
Lance  Yates,Male,39,Wyoming,Blue Collar,15.Oct.2017,"$7,762.39 ",divorced,secondary,yes,no,unknown,389,1,unknown,no
Eric  Rose,Female,15,Oregon,White Collar,15.Oct.2017,"$18,727.19 ",married,secondary,no,no,cellular,211,4,unknown,no
Max  Rodgers,Female,22,California,White Collar,16.Oct.2017,"$109,574.60 ",married,primary,yes,no,cellular,283,1,unknown,no
Ruben  Nunez,Female,42,California,Blue Collar,16.Oct.2017,"$69,330.07 ",married,tertiary,no,no,cellular,474,2,unknown,no
Mable  Lindsey,Female,40,California,White Collar,16.Oct.2017,"$78,708.46 ",single,tertiary,yes,no,cellular,157,2,failure,no
Cindy  Becker,Male,38,California,Other,16.Oct.2017,"$60,319.24 ",married,secondary,no,no,cellular,509,2,unknown,no
Ellen  Weaver,Male,28,California,White Collar,16.Oct.2017,"$71,252.66 ",married,primary,yes,no,unknown,279,1,unknown,no
Paulette  Spencer,Female,36,California,White Collar,16.Oct.2017,"$77,685.67 ",divorced,secondary,no,yes,telephone,27,1,unknown,no
Paulette  Spencer,Female,39,California,White Collar,16.Oct.2017,"$109,309.03 ",married,tertiary,no,no,cellular,386,4,unknown,yes
Della  Jensen,Male,37,California,White Collar,16.Oct.2017,"$16,284.82 ",married,primary,no,no,cellular,679,1,unknown,no
Trevor  Jones,Male,39,California,White Collar,16.Oct.2017,"$45,130.01 ",married,tertiary,yes,no,unknown,169,1,unknown,no
Woodrow  Colon,Male,51,Nevada,Blue Collar,16.Oct.2017,"$21,929.48 ",married,tertiary,no,no,unknown,315,1,unknown,no
Guillermo  Potter,Male,44,Nevada,Blue Collar,16.Oct.2017,"$57,680.49 ",married,secondary,yes,no,cellular,293,2,unknown,no
Austin  Reynolds,Male,50,Nevada,Blue Collar,16.Oct.2017,"$10,213.61 ",married,secondary,yes,no,cellular,439,3,unknown,no
Trevor  Jones,Female,47,Nevada,Other,16.Oct.2017,"$30,726.04 ",married,secondary,yes,no,unknown,198,1,unknown,no
Shari  Silva,Female,50,Nevada,Other,16.Oct.2017,"$40,075.93 ",married,secondary,yes,no,unknown,770,2,unknown,no
Johanna  Boone,Female,52,Nevada,Other,16.Oct.2017,"$79,997.40 ",married,secondary,yes,no,telephone,340,2,unknown,no
Paulette  Spencer,Female,35,Wyoming,White Collar,16.Oct.2017,"$116,426.12 ",single,secondary,yes,no,cellular,1472,1,failure,yes
Elaine  Ellis,Female,37,Wyoming,White Collar,16.Oct.2017,"$99,104.31 ",married,tertiary,yes,no,cellular,293,1,other,yes
Trevor  Jones,Female,43,California,Blue Collar,17.Oct.2017,"$74,742.66 ",married,secondary,yes,no,cellular,311,2,unknown,yes
Patty  Thompson,Male,31,California,White Collar,17.Oct.2017,"$36,983.57 ",married,secondary,yes,no,cellular,291,2,unknown,no
Blake  Bridges,Female,37,California,White Collar,17.Oct.2017,"$46,442.87 ",single,secondary,yes,yes,unknown,965,2,unknown,no
Kyle  Carr,Female,45,California,White Collar,17.Oct.2017,"$152,228.39 ",married,secondary,no,yes,unknown,594,1,unknown,no
Andrew  Meyer,Female,42,California,Other,17.Oct.2017,"$7,400.19 ",married,secondary,yes,no,cellular,139,2,failure,no
Lula  Daniels,Female,30,California,White Collar,17.Oct.2017,"$38,042.58 ",married,secondary,yes,no,unknown,501,4,unknown,no
Woodrow  Colon,Male,25,California,Other,17.Oct.2017,"$110,251.15 ",married,primary,yes,no,cellular,274,1,unknown,no
Jenny  Garcia,Male,46,California,White Collar,17.Oct.2017,"$140,347.58 ",single,secondary,yes,no,telephone,10,3,unknown,no
Felicia  Jennings,Female,42,Nevada,Other,17.Oct.2017,"$88,340.45 ",married,unknown,no,no,unknown,18,2,unknown,no
Andrew  Meyer,Male,52,Nevada,Other,17.Oct.2017,"$20,202.04 ",divorced,unknown,no,no,cellular,243,1,unknown,no
Peter  Hodges,Male,46,Nevada,Blue Collar,17.Oct.2017,"$129,824.91 ",single,tertiary,yes,no,cellular,198,1,success,yes
Colleen  Warren,Male,59,Nevada,Blue Collar,17.Oct.2017,"$14,782.90 ",single,tertiary,yes,no,cellular,410,2,unknown,no
Jenny  Garcia,Female,47,Nevada,Other,17.Oct.2017,"$13,684.82 ",single,secondary,no,no,unknown,190,1,unknown,no
Lula  Daniels,Male,18,Wyoming,White Collar,17.Oct.2017,"$74,144.88 ",married,tertiary,no,no,unknown,121,1,unknown,no
Austin  Reynolds,Male,42,Wyoming,White Collar,17.Oct.2017,"$1,720.88 ",married,primary,yes,no,telephone,148,1,unknown,no
Paulette  Spencer,Female,38,California,Blue Collar,18.Oct.2017,"$47,353.96 ",married,secondary,yes,yes,cellular,239,2,failure,no
Paulette  Spencer,Male,35,California,White Collar,18.Oct.2017,"$12,323.33 ",single,tertiary,yes,no,cellular,90,3,unknown,no
Isabel  Cross,Male,50,California,White Collar,18.Oct.2017,"$84,181.54 ",married,secondary,no,no,unknown,29,1,unknown,no
Brooke  Horton,Male,40,California,White Collar,18.Oct.2017,"$3,818.70 ",married,tertiary,yes,no,cellular,58,1,failure,no
Ivan  Adkins,Male,47,California,Other,18.Oct.2017,"$29,723.97 ",married,tertiary,yes,no,cellular,1139,2,unknown,yes
Johanna  Boone,Male,29,California,White Collar,18.Oct.2017,"$32,698.18 ",single,tertiary,no,no,cellular,504,1,success,yes
Sandra  Floyd,Female,38,California,White Collar,18.Oct.2017,"$58,463.78 ",married,primary,no,no,cellular,348,1,unknown,no
Edwin  Malone,Female,35,California,White Collar,18.Oct.2017,"$17,364.15 ",married,primary,no,no,telephone,130,3,unknown,no
Blake  Bridges,Female,46,California,Blue Collar,18.Oct.2017,"$14,273.25 ",married,secondary,no,no,cellular,100,1,other,no
Max  Rodgers,Female,27,California,White Collar,18.Oct.2017,"$34,600.63 ",married,secondary,yes,no,unknown,544,1,unknown,no
Tiffany  May,Male,34,California,White Collar,18.Oct.2017,"$36,465.75 ",single,primary,no,no,unknown,182,11,unknown,no
Lance  Yates,Female,25,California,White Collar,18.Oct.2017,"$20,461.67 ",married,secondary,yes,no,cellular,90,1,unknown,no
Sonya  Mullins,Male,36,California,White Collar,18.Oct.2017,"$91,540.33 ",married,secondary,yes,no,unknown,272,2,unknown,no
Rachel  Gomez,Female,46,California,Other,18.Oct.2017,"$73,692.54 ",married,primary,yes,no,cellular,260,2,unknown,no
Isabel  Cross,Female,49,Nevada,Other,18.Oct.2017,"$44,557.69 ",married,secondary,yes,yes,unknown,672,3,unknown,no
Ellen  Weaver,Male,57,Nevada,Blue Collar,18.Oct.2017,"$63,739.81 ",divorced,secondary,no,no,cellular,264,1,unknown,yes
Drew  Rogers,Male,50,Nevada,Blue Collar,18.Oct.2017,"$122,502.28 ",married,secondary,no,yes,telephone,275,2,unknown,no
Max  Rodgers,Female,50,Nevada,Other,18.Oct.2017,"$22,542.88 ",married,secondary,no,no,cellular,76,1,unknown,no
Lance  Yates,Male,31,Wyoming,Blue Collar,18.Oct.2017,"$63,388.18 ",married,secondary,yes,no,unknown,749,2,unknown,no
Della  Jensen,Male,44,Wyoming,Other,18.Oct.2017,"$24,815.16 ",single,tertiary,no,no,cellular,142,4,unknown,no
Eric  Rose,Female,42,Oregon,Other,18.Oct.2017,"$69,242.63 ",married,primary,no,no,cellular,454,2,unknown,no
Della  Jensen,Female,39,California,Other,19.Oct.2017,"$51,404.37 ",married,secondary,yes,yes,cellular,102,2,failure,no
Nellie  Joseph,Male,35,California,White Collar,19.Oct.2017,"$73,204.69 ",married,tertiary,no,no,telephone,521,3,other,no
Patty  Thompson,Male,34,California,White Collar,19.Oct.2017,"$24,169.40 ",married,secondary,yes,yes,cellular,57,1,unknown,no
Brooke  Horton,Male,57,Nevada,Blue Collar,19.Oct.2017,"$158,554.25 ",married,tertiary,no,no,cellular,504,1,unknown,no
Mable  Lindsey,Male,43,Nevada,Blue Collar,19.Oct.2017,"$91,581.57 ",married,tertiary,no,no,cellular,138,3,unknown,no
Isabel  Cross,Male,47,Nevada,Other,19.Oct.2017,"$89,965.39 ",divorced,tertiary,yes,no,cellular,103,2,other,yes
Nellie  Joseph,Male,25,Oregon,White Collar,19.Oct.2017,"$33,112.21 ",single,tertiary,no,no,cellular,485,1,unknown,yes
Brooke  Horton,Female,61,Oregon,White Collar,19.Oct.2017,"$6,546.36 ",married,tertiary,no,no,cellular,166,1,unknown,no
Della  Jensen,Female,35,California,White Collar,20.Oct.2017,"$15,294.03 ",married,primary,yes,no,cellular,318,2,success,no
Cassandra  Franklin,Female,23,California,Other,20.Oct.2017,"$30,070.93 ",divorced,tertiary,no,no,cellular,531,3,unknown,no
Rachel  Gomez,Male,34,California,White Collar,20.Oct.2017,"$31,226.42 ",divorced,secondary,yes,no,cellular,155,2,failure,no
Lance  Yates,Female,38,California,White Collar,20.Oct.2017,"$33,865.28 ",married,secondary,yes,no,telephone,73,1,unknown,no
Isabel  Cross,Male,45,California,Blue Collar,20.Oct.2017,"$71,990.54 ",single,unknown,yes,no,unknown,198,3,unknown,no
Pauline  Beck,Female,34,California,Blue Collar,20.Oct.2017,"$112,822.54 ",married,secondary,no,no,telephone,137,1,unknown,no
Isabel  Cross,Female,24,California,Other,20.Oct.2017,"$137,612.72 ",single,secondary,yes,no,unknown,479,9,unknown,yes
Brooke  Horton,Female,49,California,Other,20.Oct.2017,"$62,166.94 ",married,unknown,yes,no,unknown,285,1,unknown,no
Edwin  Malone,Female,32,California,White Collar,20.Oct.2017,"$10,399.07 ",married,tertiary,yes,no,cellular,98,1,unknown,no
Elbert  Klein,Male,53,Nevada,Other,20.Oct.2017,"$74,421.25 ",married,tertiary,yes,no,cellular,199,2,other,no
Elbert  Klein,Male,45,Nevada,Blue Collar,20.Oct.2017,"$26,147.90 ",married,tertiary,yes,yes,cellular,97,3,unknown,no
Christy  Olson,Male,47,Nevada,Other,20.Oct.2017,"$41,722.67 ",divorced,secondary,yes,no,unknown,389,5,unknown,no
Mable  Lindsey,Male,55,Nevada,Blue Collar,20.Oct.2017,"$10,039.87 ",married,unknown,no,no,cellular,384,1,success,no
Rachel  Gomez,Female,35,Wyoming,Other,20.Oct.2017,"$34,435.01 ",married,primary,no,no,unknown,37,3,unknown,no
Cecilia  Manning,Male,35,Wyoming,Blue Collar,20.Oct.2017,"$2,713.99 ",married,tertiary,no,no,cellular,420,4,unknown,no
Cecilia  Manning,Male,33,Wyoming,White Collar,20.Oct.2017,"$41,555.63 ",divorced,tertiary,yes,no,telephone,973,1,failure,no
Donna  Reid,Female,31,Oregon,White Collar,20.Oct.2017,"$90,819.46 ",single,tertiary,no,no,cellular,77,4,unknown,no
Trevor  Jones,Female,31,Oregon,Blue Collar,20.Oct.2017,"$58,387.94 ",married,tertiary,no,yes,cellular,376,2,unknown,no
Robert  Munoz,Male,28,California,White Collar,21.Oct.2017,"$92,651.52 ",single,tertiary,no,no,cellular,125,1,unknown,yes
Rachel  Gomez,Male,45,California,Other,21.Oct.2017,"$61,712.07 ",married,secondary,no,no,cellular,142,2,unknown,no
Fernando  Rowe,Male,38,California,Blue Collar,21.Oct.2017,"$19,225.04 ",single,secondary,yes,no,cellular,442,1,failure,yes
Salvador  Bass,Female,33,California,White Collar,21.Oct.2017,"$114,110.72 ",divorced,secondary,no,yes,cellular,728,2,unknown,no
Shari  Silva,Female,46,California,Other,21.Oct.2017,"$76,057.33 ",single,primary,no,no,unknown,281,3,unknown,no
Isabel  Cross,Male,33,California,Other,21.Oct.2017,"$101,954.30 ",married,secondary,no,no,cellular,528,2,unknown,yes
Cassandra  Franklin,Female,33,California,White Collar,21.Oct.2017,"$55,999.10 ",single,tertiary,yes,no,cellular,128,5,unknown,no
Ernest  Davis,Male,55,Nevada,Blue Collar,21.Oct.2017,"$71,979.36 ",single,unknown,yes,no,unknown,71,1,unknown,no
Cassandra  Franklin,Female,41,Wyoming,White Collar,21.Oct.2017,"$86,117.72 ",married,secondary,no,no,cellular,161,4,unknown,no
Patty  Thompson,Male,34,Wyoming,Blue Collar,21.Oct.2017,"$55,601.78 ",married,secondary,yes,no,cellular,129,4,unknown,no
Bobbie  Ryan,Male,47,Wyoming,Blue Collar,21.Oct.2017,"$191,771.67 ",single,primary,yes,no,cellular,54,2,unknown,no
Cecilia  Manning,Male,33,Wyoming,White Collar,21.Oct.2017,"$16,751.99 ",married,secondary,yes,no,cellular,443,1,failure,no
Sandra  Floyd,Female,36,Wyoming,White Collar,21.Oct.2017,"$28,424.85 ",single,tertiary,yes,no,unknown,136,1,unknown,no
Donna  Reid,Female,36,California,Other,22.Oct.2017,"$59,161.66 ",married,secondary,no,yes,unknown,44,1,unknown,no
Shari  Silva,Male,32,California,White Collar,22.Oct.2017,"$74,294.28 ",married,secondary,yes,yes,cellular,1181,9,unknown,no
Elbert  Klein,Female,54,California,White Collar,22.Oct.2017,"$36,215.75 ",married,primary,no,no,unknown,225,2,unknown,no
Sylvester  Morales,Female,40,California,White Collar,22.Oct.2017,"$11,268.91 ",divorced,secondary,yes,no,cellular,81,1,unknown,no
Robert  Munoz,Female,27,California,Blue Collar,22.Oct.2017,$199.93 ,married,secondary,no,no,cellular,224,1,unknown,no
Don  Gonzales,Male,34,California,White Collar,22.Oct.2017,"$105,674.84 ",married,tertiary,yes,no,cellular,189,4,unknown,no
Trevor  Jones,Male,35,California,White Collar,22.Oct.2017,"$38,891.18 ",married,secondary,no,no,cellular,98,2,unknown,no
Elbert  Klein,Male,32,California,White Collar,22.Oct.2017,"$8,236.63 ",married,secondary,yes,yes,cellular,50,1,unknown,no
Robert  Munoz,Male,40,California,White Collar,22.Oct.2017,"$51,782.04 ",single,tertiary,no,no,cellular,195,10,unknown,no
Christy  Olson,Male,30,California,White Collar,22.Oct.2017,"$45,058.03 ",married,secondary,no,no,cellular,110,2,unknown,no
Johanna  Boone,Female,38,California,Other,22.Oct.2017,"$116,202.64 ",single,secondary,no,no,cellular,214,1,unknown,no
Della  Jensen,Female,30,California,White Collar,22.Oct.2017,"$214,637.91 ",single,secondary,yes,no,unknown,182,8,unknown,no
Tracy  Reed,Male,38,California,White Collar,22.Oct.2017,"$88,961.24 ",married,secondary,yes,no,cellular,239,2,unknown,no
Sylvester  Morales,Male,43,Nevada,Other,22.Oct.2017,"$34,043.54 ",married,secondary,no,yes,cellular,179,6,unknown,no
Cecilia  Manning,Male,52,Nevada,Blue Collar,22.Oct.2017,"$68,407.28 ",married,primary,no,no,unknown,540,1,unknown,no
Iris  Underwood,Female,40,Wyoming,White Collar,22.Oct.2017,"$36,903.25 ",married,tertiary,yes,no,cellular,566,2,failure,no
Isabel  Cross,Male,30,Wyoming,White Collar,22.Oct.2017,"$47,850.16 ",married,secondary,no,no,cellular,697,4,unknown,yes
Max  Rodgers,Male,29,California,White Collar,23.Oct.2017,"$32,203.33 ",married,secondary,yes,no,unknown,98,2,unknown,no
Ellen  Weaver,Male,28,California,White Collar,23.Oct.2017,"$103,171.93 ",married,secondary,yes,yes,cellular,1018,2,unknown,yes
Dan  Peterson,Male,38,California,White Collar,23.Oct.2017,$397.60 ,married,secondary,no,no,cellular,221,1,failure,no
Eddie  Green,Female,35,California,Blue Collar,23.Oct.2017,"$79,978.81 ",married,tertiary,no,no,telephone,246,1,unknown,no
Della  Jensen,Female,57,Nevada,Other,23.Oct.2017,"$46,489.12 ",single,secondary,no,no,cellular,656,2,unknown,no
Patty  Thompson,Male,64,Nevada,Blue Collar,23.Oct.2017,"$138,688.06 ",single,primary,yes,no,unknown,281,1,unknown,no
Iris  Underwood,Male,37,Nevada,Blue Collar,23.Oct.2017,"$56,859.04 ",married,tertiary,yes,no,unknown,65,1,unknown,no
Marian  Hill,Female,53,Nevada,Other,23.Oct.2017,"$32,412.72 ",married,secondary,yes,yes,unknown,193,5,unknown,no
Della  Jensen,Male,40,Wyoming,White Collar,23.Oct.2017,"$34,860.12 ",married,secondary,no,no,cellular,283,1,unknown,no
Colleen  Warren,Male,41,Wyoming,Other,23.Oct.2017,"$13,868.73 ",married,primary,no,yes,unknown,78,4,unknown,no
Ruben  Nunez,Female,36,Wyoming,Other,23.Oct.2017,"$50,594.82 ",married,unknown,no,no,unknown,425,6,unknown,no
Ernest  Davis,Male,37,Wyoming,White Collar,23.Oct.2017,"$25,566.07 ",married,tertiary,no,no,cellular,238,2,unknown,no
Salvador  Bass,Female,39,Wyoming,Other,23.Oct.2017,"$103,833.28 ",married,secondary,yes,no,cellular,182,1,failure,no
Bernadette  Page,Female,29,Wyoming,White Collar,23.Oct.2017,"$15,556.55 ",married,secondary,no,no,cellular,998,6,unknown,yes
Ben  Perez,Female,23,Oregon,White Collar,23.Oct.2017,"$40,766.33 ",divorced,secondary,yes,no,unknown,477,1,unknown,no
Lance  Yates,Female,33,California,White Collar,24.Oct.2017,"$51,832.60 ",married,tertiary,no,no,cellular,158,1,unknown,no
Christy  Olson,Male,44,California,Blue Collar,24.Oct.2017,"$90,240.81 ",married,tertiary,no,no,telephone,320,3,unknown,no
Blake  Bridges,Female,32,California,Blue Collar,24.Oct.2017,"$56,618.90 ",married,secondary,yes,no,cellular,149,1,failure,no
Carla  Mccormick,Male,28,California,Other,24.Oct.2017,"$7,831.27 ",married,secondary,yes,yes,cellular,410,5,unknown,no
Lula  Daniels,Male,29,California,White Collar,24.Oct.2017,"$38,872.84 ",married,tertiary,yes,no,cellular,104,2,unknown,no
Dan  Peterson,Male,48,California,Other,24.Oct.2017,"$113,043.21 ",married,secondary,no,no,unknown,454,6,unknown,no
Cassandra  Franklin,Male,38,California,White Collar,24.Oct.2017,"$79,472.37 ",married,secondary,yes,no,unknown,190,1,unknown,no
Salvador  Bass,Female,35,California,White Collar,24.Oct.2017,"$80,296.04 ",married,secondary,no,no,cellular,145,10,unknown,no
Guillermo  Potter,Male,27,California,White Collar,24.Oct.2017,"$51,667.33 ",single,tertiary,yes,no,telephone,318,2,unknown,no
Shari  Silva,Male,38,California,Other,24.Oct.2017,"$98,634.09 ",married,secondary,yes,no,telephone,246,2,unknown,no
Sonya  Mullins,Male,64,Nevada,Blue Collar,24.Oct.2017,"$37,303.85 ",single,tertiary,no,no,cellular,761,2,unknown,no
Sandra  Floyd,Female,43,Nevada,Blue Collar,24.Oct.2017,"$60,848.21 ",divorced,tertiary,yes,no,telephone,171,1,unknown,yes
Lance  Yates,Male,50,Nevada,Blue Collar,24.Oct.2017,"$67,373.16 ",married,tertiary,no,no,unknown,143,1,unknown,no
Eddie  Green,Male,53,Nevada,Blue Collar,24.Oct.2017,"$66,777.52 ",married,secondary,yes,no,unknown,968,1,unknown,no
Kyle  Carr,Male,59,Nevada,Blue Collar,24.Oct.2017,"$19,945.96 ",married,primary,no,no,cellular,154,1,failure,no
Beth  Tucker,Male,43,Nevada,Blue Collar,24.Oct.2017,"$125,701.49 ",single,secondary,no,no,cellular,246,1,unknown,no
Elvira  Bowman,Male,39,Wyoming,Blue Collar,24.Oct.2017,"$85,814.51 ",married,secondary,yes,no,cellular,201,1,unknown,no
Mable  Lindsey,Female,22,Wyoming,White Collar,24.Oct.2017,"$95,435.31 ",married,secondary,yes,no,cellular,81,4,unknown,no
Max  Rodgers,Female,40,California,White Collar,25.Oct.2017,"$107,325.00 ",single,secondary,no,no,cellular,205,1,unknown,yes
Beth  Tucker,Male,20,California,Other,25.Oct.2017,"$96,797.66 ",married,secondary,yes,no,cellular,200,3,unknown,no
Brooke  Horton,Female,33,California,White Collar,25.Oct.2017,"$127,349.66 ",married,secondary,yes,yes,unknown,210,2,unknown,no
Elaine  Ellis,Male,30,California,White Collar,25.Oct.2017,"$33,275.87 ",single,tertiary,no,no,cellular,215,10,unknown,no
Beth  Tucker,Male,26,California,Blue Collar,25.Oct.2017,"$37,162.78 ",single,secondary,yes,no,cellular,164,2,other,no
Max  Rodgers,Female,32,California,White Collar,25.Oct.2017,"$8,012.96 ",married,secondary,no,no,unknown,35,6,unknown,no
Ellen  Weaver,Female,41,California,White Collar,25.Oct.2017,"$12,062.52 ",single,secondary,yes,no,unknown,615,1,unknown,no
Salvador  Bass,Male,53,Nevada,Blue Collar,25.Oct.2017,"$46,529.06 ",divorced,secondary,no,yes,cellular,246,3,unknown,no
Cecilia  Manning,Male,45,Nevada,Blue Collar,25.Oct.2017,"$30,615.40 ",married,secondary,no,yes,telephone,42,1,unknown,no
Herman  Williams,Male,58,Nevada,Other,25.Oct.2017,"$60,265.13 ",single,tertiary,no,no,cellular,217,1,unknown,no
Guillermo  Potter,Female,59,Nevada,Other,25.Oct.2017,"$29,297.19 ",single,secondary,yes,no,unknown,210,1,unknown,no
Rachel  Gomez,Female,40,Wyoming,White Collar,25.Oct.2017,"$29,019.25 ",married,secondary,yes,no,unknown,116,4,unknown,no
Charlie  Wood,Female,26,Wyoming,White Collar,25.Oct.2017,"$87,609.34 ",married,secondary,yes,no,unknown,200,1,unknown,no
Patty  Thompson,Female,45,California,Blue Collar,26.Oct.2017,"$57,318.27 ",married,unknown,yes,no,unknown,145,4,unknown,no
Isabel  Cross,Female,31,California,White Collar,26.Oct.2017,"$35,068.75 ",married,secondary,yes,no,unknown,41,1,unknown,no
Salvador  Bass,Male,27,California,Blue Collar,26.Oct.2017,"$54,758.66 ",divorced,tertiary,yes,no,cellular,192,2,unknown,no
Brooke  Horton,Female,29,California,White Collar,26.Oct.2017,"$25,801.48 ",married,secondary,yes,no,cellular,80,2,other,no
Lynette  Brewer,Male,29,California,White Collar,26.Oct.2017,"$71,059.24 ",single,tertiary,no,no,unknown,121,11,unknown,no
Shari  Silva,Female,21,California,Other,26.Oct.2017,"$24,405.78 ",married,secondary,yes,no,unknown,106,3,unknown,no
Beth  Tucker,Male,45,California,White Collar,26.Oct.2017,"$30,456.76 ",married,tertiary,no,no,cellular,230,1,unknown,no
Tracy  Reed,Female,30,California,White Collar,26.Oct.2017,"$151,754.22 ",married,secondary,yes,no,unknown,125,2,unknown,no
Herman  Williams,Female,23,California,White Collar,26.Oct.2017,"$20,554.79 ",single,tertiary,yes,yes,cellular,67,1,unknown,no
Cecilia  Manning,Male,30,California,White Collar,26.Oct.2017,"$33,974.40 ",married,secondary,yes,yes,unknown,26,1,unknown,no
Eric  Rose,Male,44,California,White Collar,26.Oct.2017,"$88,966.49 ",married,secondary,no,no,unknown,395,2,unknown,no
Bobbie  Ryan,Female,31,California,White Collar,26.Oct.2017,"$51,820.22 ",single,secondary,no,no,cellular,603,2,unknown,no
Sandra  Floyd,Female,37,California,White Collar,26.Oct.2017,"$145,767.66 ",married,primary,no,no,cellular,185,2,unknown,no
Brooke  Horton,Male,32,California,Blue Collar,26.Oct.2017,"$52,674.69 ",single,secondary,no,no,cellular,287,2,unknown,no
Sonya  Mullins,Male,37,California,Other,26.Oct.2017,"$4,904.96 ",married,unknown,yes,no,cellular,149,1,unknown,no
Cecilia  Manning,Male,34,California,Blue Collar,26.Oct.2017,"$188,021.54 ",married,secondary,yes,yes,cellular,173,7,unknown,no
Brooke  Horton,Male,37,California,White Collar,26.Oct.2017,"$10,095.64 ",married,primary,no,no,cellular,118,2,unknown,no
Elbert  Klein,Female,48,California,White Collar,26.Oct.2017,"$44,438.81 ",single,secondary,no,no,unknown,314,1,unknown,no
Cecilia  Manning,Female,22,California,White Collar,26.Oct.2017,"$24,430.85 ",married,primary,yes,no,cellular,378,1,unknown,no
Robert  Munoz,Female,39,California,Blue Collar,26.Oct.2017,"$158,706.55 ",single,secondary,no,no,telephone,94,7,other,no
Cassandra  Franklin,Male,29,California,White Collar,26.Oct.2017,"$10,207.33 ",married,secondary,yes,yes,cellular,108,4,unknown,no
Billie  Chandler,Female,30,California,White Collar,26.Oct.2017,"$74,574.03 ",married,tertiary,no,no,cellular,203,2,unknown,no
Mable  Lindsey,Male,26,California,White Collar,26.Oct.2017,"$156,854.09 ",single,secondary,no,no,cellular,121,1,unknown,no
Robert  Munoz,Male,32,California,White Collar,26.Oct.2017,"$42,901.19 ",single,tertiary,yes,no,unknown,489,2,unknown,no
Ben  Perez,Female,61,California,White Collar,26.Oct.2017,"$37,710.88 ",single,secondary,yes,yes,unknown,287,1,unknown,no
Arturo  Francis,Male,37,California,White Collar,26.Oct.2017,"$64,558.16 ",divorced,secondary,yes,no,cellular,652,1,other,no
Christina  Fuller,Female,28,California,White Collar,26.Oct.2017,"$39,805.79 ",single,secondary,yes,no,cellular,612,2,other,no
Max  Rodgers,Male,35,California,White Collar,26.Oct.2017,"$8,330.58 ",married,tertiary,yes,no,cellular,53,5,unknown,no
Marian  Hill,Female,36,California,White Collar,26.Oct.2017,"$214,098.75 ",divorced,secondary,no,yes,telephone,270,1,unknown,yes
Jenny  Garcia,Female,41,California,Other,26.Oct.2017,"$62,037.90 ",married,tertiary,yes,no,cellular,442,1,unknown,yes
Carla  Mccormick,Male,38,California,White Collar,26.Oct.2017,"$20,957.10 ",single,secondary,no,no,cellular,664,3,unknown,yes
Pauline  Beck,Female,29,California,Other,26.Oct.2017,"$17,169.40 ",single,tertiary,no,no,cellular,394,2,unknown,no
Elbert  Klein,Female,29,California,White Collar,26.Oct.2017,"$10,158.76 ",married,primary,no,no,unknown,230,3,unknown,no
Sandra  Floyd,Female,37,California,White Collar,26.Oct.2017,"$37,597.13 ",married,tertiary,yes,no,cellular,877,7,other,yes
Carla  Mccormick,Male,27,California,Blue Collar,26.Oct.2017,"$49,957.46 ",married,secondary,no,no,telephone,1971,4,unknown,yes
Brooke  Horton,Male,55,Nevada,Blue Collar,26.Oct.2017,"$59,108.96 ",married,secondary,yes,no,cellular,161,2,unknown,no
Della  Jensen,Female,39,Nevada,Other,26.Oct.2017,"$87,128.12 ",married,secondary,yes,no,unknown,188,5,unknown,no
Willie  Vega,Female,34,Nevada,Other,26.Oct.2017,"$30,931.85 ",married,secondary,yes,no,cellular,23,5,unknown,no
Andrew  Meyer,Female,52,Nevada,Other,26.Oct.2017,"$12,725.18 ",married,tertiary,no,no,cellular,176,2,unknown,no
Cecilia  Manning,Male,45,Nevada,Other,26.Oct.2017,"$87,225.75 ",married,tertiary,no,no,telephone,26,2,failure,no
Edwin  Malone,Female,46,Nevada,Other,26.Oct.2017,"$54,084.48 ",single,unknown,no,no,unknown,212,1,unknown,no
Edwin  Malone,Female,58,Nevada,Other,26.Oct.2017,"$23,136.93 ",married,primary,no,no,cellular,119,2,unknown,no
Brooke  Horton,Male,60,Nevada,Blue Collar,26.Oct.2017,"$152,848.21 ",married,tertiary,yes,no,cellular,205,5,unknown,no
Christina  Fuller,Female,52,Nevada,Other,26.Oct.2017,"$54,636.18 ",married,tertiary,yes,no,unknown,73,4,unknown,no
Marion  Glover,Male,42,Nevada,Blue Collar,26.Oct.2017,"$30,364.19 ",married,secondary,yes,yes,cellular,1258,2,other,yes
Shari  Silva,Male,50,Nevada,Blue Collar,26.Oct.2017,"$97,427.42 ",married,secondary,yes,no,telephone,57,2,unknown,no
Austin  Reynolds,Male,35,Wyoming,Blue Collar,26.Oct.2017,"$72,534.46 ",divorced,secondary,no,no,unknown,115,2,unknown,no
Brooke  Horton,Male,36,Wyoming,White Collar,26.Oct.2017,"$93,087.40 ",married,secondary,no,no,unknown,58,1,unknown,no
Don  Gonzales,Male,28,Wyoming,Blue Collar,26.Oct.2017,"$69,902.45 ",single,tertiary,yes,no,cellular,238,1,unknown,no
Peter  Hodges,Male,27,Wyoming,Blue Collar,26.Oct.2017,"$38,096.85 ",married,primary,yes,no,telephone,207,3,unknown,no
Della  Jensen,Female,34,Oregon,Blue Collar,26.Oct.2017,"$26,631.31 ",single,tertiary,yes,no,cellular,178,2,unknown,no
Rachel  Gomez,Female,32,Oregon,Other,26.Oct.2017,"$29,118.09 ",married,secondary,yes,no,unknown,20,11,unknown,no
Brooke  Horton,Female,32,Oregon,White Collar,26.Oct.2017,"$64,663.67 ",married,tertiary,no,no,cellular,188,3,unknown,yes
Arturo  Francis,Female,18,California,White Collar,27.Oct.2017,"$27,640.31 ",married,primary,yes,no,cellular,143,1,failure,no
Shari  Silva,Male,46,California,White Collar,27.Oct.2017,"$33,252.67 ",married,secondary,no,no,cellular,232,1,success,yes
Tracy  Reed,Female,51,California,White Collar,27.Oct.2017,"$118,976.21 ",married,secondary,no,no,cellular,127,2,unknown,no
Sonya  Mullins,Male,38,California,White Collar,27.Oct.2017,"$9,567.67 ",married,secondary,yes,yes,cellular,380,4,failure,no
Don  Gonzales,Female,33,California,White Collar,27.Oct.2017,"$13,600.30 ",married,tertiary,yes,no,cellular,167,3,unknown,no
Jaime  Pearson,Female,35,California,Blue Collar,27.Oct.2017,"$59,843.07 ",single,tertiary,no,no,cellular,796,1,failure,yes
Lorraine  Gibson,Male,48,Nevada,Blue Collar,27.Oct.2017,"$72,225.39 ",married,tertiary,no,no,cellular,303,2,unknown,no
Ernest  Davis,Male,21,Wyoming,White Collar,27.Oct.2017,"$26,260.00 ",married,secondary,yes,no,cellular,407,2,unknown,no
Sonya  Mullins,Female,32,Wyoming,White Collar,27.Oct.2017,"$10,861.81 ",single,secondary,no,yes,cellular,229,1,unknown,no
Paulette  Spencer,Female,40,Wyoming,White Collar,27.Oct.2017,"$116,971.12 ",single,tertiary,no,no,cellular,108,2,unknown,no
Pauline  Beck,Female,36,Wyoming,White Collar,27.Oct.2017,"$5,912.40 ",single,tertiary,yes,no,cellular,265,1,unknown,no
Andrew  Meyer,Female,18,Oregon,White Collar,27.Oct.2017,"$50,857.16 ",single,secondary,no,no,telephone,168,1,unknown,no
Herman  Williams,Female,39,California,Other,28.Oct.2017,"$94,570.00 ",single,secondary,yes,no,cellular,97,1,unknown,no
Herman  Williams,Male,38,California,Other,28.Oct.2017,"$32,140.67 ",single,primary,yes,no,cellular,169,1,failure,no
Della  Jensen,Male,39,California,White Collar,28.Oct.2017,"$68,753.69 ",single,tertiary,no,no,cellular,103,2,other,no
Ruben  Nunez,Male,35,California,White Collar,28.Oct.2017,"$171,572.82 ",married,tertiary,yes,yes,unknown,599,3,unknown,no
Fernando  Rowe,Male,36,California,White Collar,28.Oct.2017,"$44,845.91 ",single,tertiary,yes,no,cellular,322,2,unknown,no
Isabel  Cross,Female,30,California,White Collar,28.Oct.2017,"$3,929.43 ",single,tertiary,yes,no,unknown,304,1,unknown,no
Marian  Hill,Female,35,California,Other,28.Oct.2017,"$73,371.94 ",married,primary,yes,no,cellular,52,3,unknown,no
Mable  Lindsey,Male,41,California,Blue Collar,28.Oct.2017,"$11,903.06 ",divorced,secondary,no,no,cellular,655,4,unknown,yes
Lorraine  Gibson,Female,30,California,Other,28.Oct.2017,"$70,752.01 ",married,secondary,yes,yes,cellular,101,2,unknown,no
Shari  Silva,Male,36,California,White Collar,28.Oct.2017,"$52,529.31 ",single,tertiary,no,no,cellular,65,2,unknown,no
Lula  Daniels,Male,31,California,White Collar,28.Oct.2017,"$18,480.63 ",married,secondary,yes,no,cellular,173,4,unknown,no
Marion  Glover,Female,32,California,White Collar,28.Oct.2017,"$101,618.60 ",married,secondary,yes,no,telephone,162,3,unknown,no
Tiffany  May,Female,35,California,Blue Collar,28.Oct.2017,"$135,690.72 ",married,primary,no,no,cellular,78,2,unknown,no
Shari  Silva,Female,38,Nevada,Other,28.Oct.2017,"$100,891.61 ",married,tertiary,yes,no,cellular,646,5,unknown,yes
Rachel  Gomez,Male,49,Nevada,Blue Collar,28.Oct.2017,"$14,634.91 ",single,tertiary,no,no,cellular,114,2,unknown,no
Fernando  Rowe,Female,25,Wyoming,White Collar,28.Oct.2017,"$11,280.37 ",divorced,tertiary,yes,no,unknown,141,6,unknown,no
Robert  Munoz,Male,59,California,Other,29.Oct.2017,"$55,943.96 ",single,secondary,yes,no,cellular,133,4,unknown,no
Della  Jensen,Male,19,California,Other,29.Oct.2017,"$28,892.61 ",single,secondary,yes,no,unknown,1994,2,unknown,no
Mable  Lindsey,Male,36,California,White Collar,29.Oct.2017,"$6,720.61 ",single,secondary,no,no,cellular,140,2,unknown,no
Jenny  Garcia,Female,36,California,White Collar,29.Oct.2017,"$88,970.66 ",married,primary,yes,no,cellular,82,3,unknown,no
Christy  Olson,Female,39,California,White Collar,29.Oct.2017,"$34,094.49 ",divorced,secondary,yes,no,cellular,150,1,unknown,no
Sonya  Mullins,Male,48,California,White Collar,29.Oct.2017,"$49,407.99 ",married,primary,no,no,cellular,605,1,other,no
Jenny  Garcia,Male,42,California,White Collar,29.Oct.2017,"$55,903.75 ",married,secondary,yes,no,telephone,164,1,other,no
Charlie  Wood,Female,30,California,White Collar,29.Oct.2017,"$62,312.21 ",married,tertiary,yes,no,cellular,36,1,unknown,no
Drew  Rogers,Female,35,California,White Collar,29.Oct.2017,"$9,784.60 ",married,secondary,yes,yes,unknown,290,2,unknown,no
Lula  Daniels,Male,37,California,White Collar,29.Oct.2017,"$66,972.73 ",married,tertiary,no,no,telephone,104,2,unknown,no
Charlie  Wood,Female,53,California,Other,29.Oct.2017,"$78,175.66 ",single,secondary,no,no,unknown,413,1,unknown,no
Don  Gonzales,Female,30,California,White Collar,29.Oct.2017,"$110,197.45 ",single,secondary,yes,no,cellular,153,1,unknown,no
Ernest  Davis,Female,34,California,White Collar,29.Oct.2017,"$65,769.67 ",divorced,primary,yes,no,unknown,237,2,unknown,no
Billie  Chandler,Female,39,California,White Collar,29.Oct.2017,"$176,283.03 ",single,tertiary,yes,no,cellular,743,13,unknown,yes
Marian  Hill,Male,34,California,White Collar,29.Oct.2017,"$93,513.01 ",married,secondary,no,no,cellular,82,4,unknown,no
Brooke  Horton,Male,31,California,White Collar,29.Oct.2017,"$151,837.13 ",divorced,primary,no,no,cellular,924,4,unknown,no
Cassandra  Franklin,Male,39,California,White Collar,29.Oct.2017,"$21,442.24 ",married,secondary,yes,no,unknown,117,3,unknown,no
Lynette  Brewer,Female,37,California,Other,29.Oct.2017,"$24,413.93 ",single,tertiary,no,no,cellular,550,4,unknown,yes
Joey  Wong,Male,45,California,Other,29.Oct.2017,"$128,345.67 ",single,secondary,no,yes,unknown,5,1,unknown,no
Eddie  Green,Male,36,California,Other,29.Oct.2017,"$93,852.57 ",divorced,secondary,yes,no,unknown,181,5,unknown,no
Arturo  Francis,Male,37,Nevada,Blue Collar,29.Oct.2017,"$25,173.03 ",married,tertiary,no,no,cellular,325,2,unknown,no
Eric  Rose,Male,57,Nevada,Other,29.Oct.2017,"$71,260.84 ",married,secondary,yes,no,unknown,345,1,unknown,no
Shari  Silva,Male,43,Nevada,Blue Collar,29.Oct.2017,"$75,294.37 ",married,primary,no,no,cellular,331,2,unknown,no
Nellie  Joseph,Female,51,Nevada,Other,29.Oct.2017,"$70,847.46 ",married,secondary,yes,yes,cellular,112,1,unknown,no
Ruben  Nunez,Female,34,Nevada,Other,29.Oct.2017,"$85,175.72 ",divorced,secondary,yes,no,unknown,115,6,unknown,no
Iris  Underwood,Male,60,Nevada,Other,29.Oct.2017,"$173,032.01 ",married,secondary,no,no,cellular,381,3,unknown,no
Jenny  Garcia,Male,57,Nevada,Blue Collar,29.Oct.2017,"$121,512.51 ",single,tertiary,no,no,cellular,119,1,failure,no
Salvador  Bass,Male,38,Nevada,Blue Collar,29.Oct.2017,"$158,546.69 ",single,tertiary,yes,no,unknown,25,1,unknown,no
Ben  Perez,Female,53,Nevada,Other,29.Oct.2017,"$80,327.49 ",married,secondary,yes,no,cellular,929,1,unknown,no
Tracy  Reed,Female,27,Wyoming,White Collar,29.Oct.2017,"$28,692.19 ",married,tertiary,yes,no,unknown,429,1,unknown,no
Elbert  Klein,Female,43,Wyoming,White Collar,29.Oct.2017,"$29,086.30 ",married,tertiary,yes,no,cellular,491,1,other,no
Johanna  Boone,Male,31,Wyoming,Blue Collar,29.Oct.2017,"$45,425.96 ",divorced,secondary,yes,no,cellular,146,1,unknown,no
Sonya  Mullins,Male,30,Oregon,Blue Collar,29.Oct.2017,"$51,817.45 ",single,tertiary,no,no,cellular,191,2,unknown,no
Ernest  Davis,Female,32,Oregon,Other,29.Oct.2017,"$23,668.57 ",married,tertiary,no,no,cellular,406,3,unknown,no
Austin  Reynolds,Male,35,California,White Collar,30.Oct.2017,"$61,629.84 ",married,secondary,yes,no,telephone,220,2,unknown,no
Bernadette  Page,Female,32,California,White Collar,30.Oct.2017,"$25,506.24 ",married,secondary,no,no,cellular,253,5,unknown,no
Allan  Ramos,Male,37,California,Blue Collar,30.Oct.2017,"$89,695.85 ",married,secondary,no,no,telephone,340,2,unknown,no
Bernadette  Page,Female,31,California,White Collar,30.Oct.2017,"$169,952.16 ",married,secondary,yes,no,unknown,154,1,unknown,yes
Andrew  Meyer,Male,32,California,White Collar,30.Oct.2017,"$41,182.28 ",married,tertiary,no,yes,cellular,121,4,unknown,no
Lynette  Brewer,Female,33,California,Other,30.Oct.2017,"$3,687.30 ",married,secondary,no,no,cellular,104,5,unknown,no
Eddie  Green,Female,23,California,White Collar,30.Oct.2017,"$8,901.72 ",married,primary,yes,no,cellular,127,2,failure,no
Christy  Olson,Male,25,California,Other,30.Oct.2017,"$61,279.28 ",divorced,primary,no,no,cellular,144,1,other,yes
Patty  Thompson,Male,33,California,White Collar,30.Oct.2017,"$47,699.21 ",single,secondary,yes,no,cellular,149,2,unknown,no
Edwin  Malone,Male,31,California,White Collar,30.Oct.2017,"$33,192.85 ",single,tertiary,yes,no,cellular,261,1,success,yes
Shari  Silva,Male,33,California,White Collar,30.Oct.2017,"$74,737.93 ",single,tertiary,no,no,cellular,87,1,failure,no
Edwin  Malone,Male,43,Nevada,Blue Collar,30.Oct.2017,"$47,370.46 ",married,tertiary,no,no,cellular,719,5,unknown,no
Joey  Wong,Female,34,Nevada,Other,30.Oct.2017,"$91,573.96 ",married,secondary,yes,no,unknown,292,7,unknown,no
Fernando  Rowe,Female,59,Nevada,Other,30.Oct.2017,"$80,600.64 ",single,secondary,yes,no,unknown,145,1,unknown,no
Elbert  Klein,Female,45,Nevada,Other,30.Oct.2017,"$14,408.34 ",married,tertiary,no,no,cellular,52,3,unknown,no
Lance  Yates,Male,52,Nevada,Blue Collar,30.Oct.2017,"$10,161.46 ",married,secondary,yes,no,cellular,146,1,failure,no
Lee  Mack,Male,47,Nevada,Blue Collar,30.Oct.2017,"$49,673.31 ",married,secondary,yes,no,cellular,451,1,failure,yes
Mable  Lindsey,Male,47,Nevada,Blue Collar,30.Oct.2017,"$95,778.09 ",divorced,primary,yes,yes,unknown,167,4,unknown,no
Trevor  Jones,Female,34,Wyoming,White Collar,30.Oct.2017,"$65,206.63 ",married,tertiary,no,no,cellular,98,4,unknown,no
Guillermo  Potter,Female,29,Oregon,Blue Collar,30.Oct.2017,"$74,943.69 ",married,secondary,yes,no,unknown,238,2,unknown,no
Mable  Lindsey,Female,32,California,White Collar,31.Oct.2017,"$39,149.31 ",single,tertiary,no,no,cellular,85,7,unknown,no
Ellen  Weaver,Male,38,California,Other,31.Oct.2017,"$73,194.19 ",single,tertiary,yes,no,cellular,323,4,unknown,no
Ben  Perez,Female,31,California,White Collar,31.Oct.2017,"$59,907.10 ",married,primary,no,no,unknown,116,1,unknown,no
Marian  Hill,Female,32,California,Other,31.Oct.2017,"$1,042.43 ",married,primary,yes,no,cellular,304,3,unknown,no
Tiffany  May,Female,32,California,White Collar,31.Oct.2017,"$38,005.63 ",single,tertiary,no,no,cellular,267,1,unknown,no
Elvira  Bowman,Male,36,California,Blue Collar,31.Oct.2017,"$98,431.01 ",married,primary,yes,no,unknown,201,2,unknown,no
Trevor  Jones,Female,36,California,White Collar,31.Oct.2017,"$147,285.75 ",married,unknown,yes,no,cellular,105,1,failure,no
Shari  Silva,Female,42,California,White Collar,31.Oct.2017,"$22,968.27 ",married,secondary,yes,no,unknown,193,2,unknown,no
Lance  Yates,Female,28,California,White Collar,31.Oct.2017,"$5,620.16 ",divorced,secondary,yes,no,cellular,113,1,unknown,no
Lynette  Brewer,Female,40,California,Other,31.Oct.2017,"$82,818.04 ",married,secondary,yes,no,unknown,151,2,unknown,no
Cecilia  Manning,Male,35,California,White Collar,31.Oct.2017,"$84,122.87 ",married,secondary,no,no,cellular,200,2,unknown,no
Allan  Ramos,Female,33,California,Other,31.Oct.2017,"$90,140.76 ",divorced,secondary,yes,no,unknown,145,1,unknown,no
Ellen  Weaver,Male,50,California,White Collar,31.Oct.2017,"$30,442.28 ",married,secondary,no,no,cellular,214,4,unknown,yes
Sylvester  Morales,Male,52,Nevada,Other,31.Oct.2017,"$30,046.97 ",single,secondary,no,yes,cellular,36,6,unknown,no
Edwin  Malone,Male,44,Nevada,Blue Collar,31.Oct.2017,"$151,707.85 ",married,tertiary,yes,yes,cellular,58,2,unknown,no
Andrew  Meyer,Male,55,Nevada,Blue Collar,31.Oct.2017,"$99,582.61 ",married,secondary,yes,no,unknown,174,2,unknown,no
Donna  Reid,Male,55,Nevada,Other,31.Oct.2017,"$99,504.16 ",married,tertiary,no,no,cellular,587,1,unknown,yes
Andrew  Meyer,Male,45,Wyoming,Blue Collar,31.Oct.2017,"$31,370.00 ",single,tertiary,no,no,cellular,112,1,unknown,no
Don  Gonzales,Female,49,California,White Collar,01.Nov.2017,"$71,789.10 ",married,secondary,yes,no,cellular,175,2,unknown,no
Christina  Fuller,Female,36,California,White Collar,01.Nov.2017,"$51,668.31 ",married,tertiary,no,no,unknown,279,1,unknown,no
Max  Rodgers,Female,38,California,White Collar,01.Nov.2017,"$81,722.85 ",single,secondary,yes,no,cellular,270,1,unknown,yes
Beth  Tucker,Male,33,California,White Collar,01.Nov.2017,"$122,128.57 ",married,primary,yes,no,cellular,116,2,failure,no
Max  Rodgers,Female,36,California,White Collar,01.Nov.2017,"$70,463.16 ",married,tertiary,yes,no,unknown,129,2,unknown,no
Beth  Tucker,Female,30,California,White Collar,01.Nov.2017,"$25,867.25 ",married,secondary,yes,no,cellular,38,2,failure,no
Drew  Rogers,Female,52,California,White Collar,01.Nov.2017,"$82,923.07 ",married,secondary,no,yes,unknown,138,1,unknown,no
Jaime  Pearson,Female,42,California,Blue Collar,01.Nov.2017,"$115,264.34 ",single,tertiary,no,no,cellular,338,1,unknown,yes
Shari  Silva,Female,36,California,White Collar,01.Nov.2017,"$70,685.66 ",married,secondary,no,yes,unknown,565,3,unknown,no
Iris  Underwood,Male,36,California,White Collar,01.Nov.2017,"$50,141.33 ",married,secondary,no,no,cellular,77,8,unknown,no
Lula  Daniels,Female,47,California,White Collar,01.Nov.2017,"$116,640.90 ",married,tertiary,yes,yes,cellular,314,2,failure,no
Isabel  Cross,Female,31,California,White Collar,01.Nov.2017,"$88,450.78 ",married,primary,no,no,unknown,179,2,unknown,no
Elbert  Klein,Male,28,California,White Collar,01.Nov.2017,"$90,292.25 ",married,tertiary,yes,yes,unknown,294,1,unknown,no
Lance  Yates,Male,29,California,White Collar,01.Nov.2017,"$26,632.60 ",single,secondary,yes,no,cellular,298,1,unknown,no
Rachel  Gomez,Male,28,California,White Collar,01.Nov.2017,"$9,969.00 ",married,secondary,yes,no,telephone,427,2,unknown,no
Edwin  Malone,Female,34,California,White Collar,01.Nov.2017,"$111,919.48 ",married,secondary,yes,no,cellular,87,4,failure,no
Ruben  Nunez,Female,37,California,Blue Collar,01.Nov.2017,"$24,488.76 ",married,tertiary,yes,no,cellular,397,1,unknown,yes
Elbert  Klein,Female,37,California,White Collar,01.Nov.2017,"$10,215.43 ",single,tertiary,no,no,cellular,344,1,failure,yes
Max  Rodgers,Male,37,California,White Collar,01.Nov.2017,"$42,279.43 ",married,primary,no,no,cellular,74,5,unknown,no
Rachel  Gomez,Female,41,California,Other,01.Nov.2017,"$105,150.79 ",married,primary,yes,no,unknown,148,4,unknown,no
Shari  Silva,Female,38,California,White Collar,01.Nov.2017,"$8,734.07 ",married,tertiary,no,no,unknown,161,3,unknown,no
Brooke  Horton,Female,33,California,White Collar,01.Nov.2017,"$53,755.97 ",divorced,primary,no,no,unknown,110,1,unknown,no
Blake  Bridges,Female,43,California,White Collar,01.Nov.2017,"$39,905.67 ",married,secondary,yes,no,cellular,1529,1,failure,no
Salvador  Bass,Male,24,California,Blue Collar,01.Nov.2017,"$32,238.99 ",married,tertiary,no,no,cellular,236,1,success,no
Dan  Peterson,Female,25,California,Other,01.Nov.2017,"$106,988.55 ",single,tertiary,yes,no,cellular,89,2,unknown,no
Shari  Silva,Male,59,Nevada,Other,01.Nov.2017,"$22,987.84 ",married,secondary,yes,no,cellular,390,1,failure,no
Ivan  Adkins,Male,48,Nevada,Blue Collar,01.Nov.2017,"$16,776.00 ",married,secondary,no,no,unknown,1467,1,unknown,yes
Isabel  Cross,Male,37,Nevada,White Collar,01.Nov.2017,"$23,597.10 ",married,secondary,yes,yes,unknown,646,3,unknown,yes
Shari  Silva,Female,52,Nevada,Other,01.Nov.2017,"$18,223.81 ",divorced,tertiary,yes,no,cellular,183,1,unknown,no
Nellie  Joseph,Male,56,Nevada,Blue Collar,01.Nov.2017,"$96,272.97 ",single,tertiary,yes,no,cellular,168,2,unknown,no
Robert  Munoz,Female,45,Nevada,Other,01.Nov.2017,"$50,592.78 ",single,secondary,yes,no,unknown,66,1,unknown,no
Mable  Lindsey,Male,52,Nevada,Blue Collar,01.Nov.2017,"$18,862.37 ",married,tertiary,no,yes,cellular,160,3,failure,no
Joey  Wong,Male,57,Nevada,Blue Collar,01.Nov.2017,"$9,604.82 ",single,tertiary,yes,no,cellular,14,2,unknown,no
Sandra  Floyd,Female,31,Oregon,Blue Collar,01.Nov.2017,"$9,040.13 ",married,secondary,yes,no,unknown,220,4,unknown,no
Kyle  Carr,Female,23,California,Other,02.Nov.2017,"$24,504.37 ",divorced,secondary,no,yes,unknown,1007,1,unknown,yes
Cassandra  Franklin,Male,46,California,White Collar,02.Nov.2017,"$26,502.87 ",divorced,secondary,no,no,cellular,149,13,unknown,no
Jenny  Garcia,Female,24,California,Blue Collar,02.Nov.2017,"$82,800.87 ",married,tertiary,yes,no,unknown,665,1,unknown,no
Cecilia  Manning,Male,34,California,Other,02.Nov.2017,"$44,394.76 ",married,secondary,yes,no,telephone,174,3,unknown,no
Cindy  Becker,Male,37,California,White Collar,02.Nov.2017,"$20,175.45 ",single,tertiary,no,no,cellular,105,1,unknown,no
Dan  Peterson,Female,18,California,Other,02.Nov.2017,"$13,851.34 ",single,secondary,no,no,cellular,990,1,unknown,yes
Robert  Munoz,Male,48,Nevada,Other,02.Nov.2017,"$43,093.64 ",single,tertiary,no,no,cellular,582,1,unknown,no
Edwin  Malone,Male,58,Nevada,Blue Collar,02.Nov.2017,"$58,827.69 ",married,secondary,yes,no,cellular,136,1,unknown,no
Kyle  Carr,Female,52,Nevada,Other,02.Nov.2017,"$24,988.90 ",single,secondary,no,no,cellular,223,1,failure,yes
Iris  Underwood,Male,31,Nevada,Blue Collar,02.Nov.2017,"$24,581.82 ",married,tertiary,no,no,cellular,205,2,unknown,no
Cindy  Becker,Male,54,Nevada,Blue Collar,02.Nov.2017,"$30,455.16 ",married,primary,yes,no,cellular,214,1,failure,no
Herman  Williams,Female,18,California,White Collar,03.Nov.2017,"$47,341.34 ",divorced,tertiary,yes,no,cellular,217,6,unknown,no
Rachel  Gomez,Male,37,California,Blue Collar,03.Nov.2017,"$7,051.10 ",married,secondary,yes,no,cellular,171,2,success,no
Shari  Silva,Female,35,California,White Collar,03.Nov.2017,"$25,852.79 ",married,secondary,yes,no,unknown,50,1,unknown,no
Della  Jensen,Female,29,California,Blue Collar,03.Nov.2017,"$84,023.30 ",married,tertiary,yes,no,unknown,65,3,unknown,no
Sylvester  Morales,Female,44,California,Blue Collar,03.Nov.2017,"$7,218.27 ",single,secondary,yes,no,unknown,55,1,unknown,no
Ellen  Weaver,Female,31,California,Other,03.Nov.2017,"$6,064.82 ",married,secondary,no,no,unknown,256,3,unknown,no
Lance  Yates,Male,30,California,Blue Collar,03.Nov.2017,"$23,062.54 ",married,secondary,yes,yes,unknown,151,1,unknown,no
Mable  Lindsey,Female,32,California,White Collar,03.Nov.2017,"$66,635.46 ",single,tertiary,no,no,cellular,226,1,unknown,no
Christina  Fuller,Female,30,California,White Collar,03.Nov.2017,"$77,909.90 ",married,tertiary,yes,no,cellular,97,5,unknown,no
Shari  Silva,Male,47,California,Blue Collar,03.Nov.2017,"$12,799.21 ",married,secondary,no,yes,telephone,92,1,unknown,no
Rachel  Gomez,Male,23,California,White Collar,03.Nov.2017,$955.10 ,married,secondary,yes,no,unknown,343,1,unknown,no
Drew  Rogers,Male,54,Nevada,Blue Collar,03.Nov.2017,"$102,931.46 ",single,secondary,yes,no,cellular,493,5,unknown,no
Max  Rodgers,Male,51,Nevada,Blue Collar,03.Nov.2017,"$77,888.79 ",single,tertiary,no,no,cellular,216,3,unknown,no
Salvador  Bass,Male,39,Nevada,White Collar,03.Nov.2017,"$104,047.85 ",married,secondary,yes,no,cellular,224,7,other,no
Robert  Munoz,Female,34,Wyoming,White Collar,03.Nov.2017,"$173,679.25 ",married,secondary,no,no,cellular,190,1,success,yes
Eddie  Green,Female,43,Wyoming,White Collar,03.Nov.2017,"$49,755.04 ",married,unknown,no,no,cellular,458,6,unknown,yes
Felicia  Jennings,Male,43,Wyoming,Other,03.Nov.2017,"$116,898.76 ",married,secondary,yes,no,cellular,222,1,failure,no
Rachel  Gomez,Female,31,Oregon,Other,03.Nov.2017,"$75,669.67 ",married,unknown,yes,no,cellular,612,1,other,no
Charlie  Wood,Female,56,California,White Collar,04.Nov.2017,"$70,815.19 ",married,primary,yes,no,telephone,137,1,unknown,no
Eddie  Green,Male,41,California,White Collar,04.Nov.2017,"$3,976.61 ",single,tertiary,yes,no,unknown,104,2,unknown,no
Brooke  Horton,Female,32,California,White Collar,04.Nov.2017,"$122,542.96 ",married,secondary,no,no,cellular,206,4,unknown,no
Max  Rodgers,Male,49,Nevada,Blue Collar,04.Nov.2017,"$25,837.94 ",married,secondary,yes,no,cellular,172,28,unknown,no
Andrew  Meyer,Male,60,Nevada,Other,04.Nov.2017,"$82,347.69 ",married,tertiary,yes,no,cellular,152,2,unknown,yes
Bobbie  Ryan,Female,18,Wyoming,Other,04.Nov.2017,"$27,722.04 ",married,secondary,yes,no,cellular,114,1,unknown,no
Iris  Underwood,Male,36,California,White Collar,05.Nov.2017,"$26,600.99 ",married,tertiary,no,no,cellular,89,1,unknown,no
Marian  Hill,Male,30,California,Other,05.Nov.2017,"$107,161.60 ",single,secondary,yes,no,unknown,158,1,unknown,no
Cecilia  Manning,Male,26,California,White Collar,05.Nov.2017,"$51,530.82 ",married,primary,no,yes,cellular,326,11,unknown,no
Don  Gonzales,Male,42,California,White Collar,05.Nov.2017,"$29,843.55 ",married,secondary,no,yes,unknown,215,3,unknown,no
Andrew  Meyer,Male,30,California,White Collar,05.Nov.2017,"$50,573.25 ",divorced,secondary,yes,no,cellular,53,1,unknown,no
Shari  Silva,Female,43,California,Blue Collar,05.Nov.2017,"$57,054.07 ",single,secondary,no,no,cellular,71,11,unknown,no
Charlie  Wood,Female,27,California,White Collar,05.Nov.2017,"$94,412.87 ",married,primary,no,no,cellular,487,2,other,no
Trevor  Jones,Male,37,California,White Collar,05.Nov.2017,"$115,672.18 ",married,secondary,yes,no,cellular,340,2,failure,no
Colleen  Warren,Female,41,California,White Collar,05.Nov.2017,"$56,744.03 ",single,tertiary,no,no,cellular,183,1,failure,no
Max  Rodgers,Female,37,California,Other,05.Nov.2017,"$55,661.33 ",divorced,tertiary,no,yes,cellular,131,2,unknown,no
Drew  Rogers,Female,25,California,White Collar,05.Nov.2017,"$110,831.99 ",single,tertiary,yes,no,telephone,208,1,failure,no
Della  Jensen,Female,32,California,White Collar,05.Nov.2017,"$83,206.27 ",divorced,tertiary,no,no,unknown,311,5,unknown,no
Donna  Reid,Female,35,California,White Collar,05.Nov.2017,"$7,831.10 ",married,tertiary,no,no,cellular,147,1,success,yes
Herman  Williams,Male,33,Nevada,White Collar,05.Nov.2017,"$91,161.79 ",married,secondary,yes,no,unknown,83,1,unknown,no
Kyle  Carr,Female,44,Nevada,Other,05.Nov.2017,"$19,311.55 ",married,primary,yes,no,unknown,775,3,unknown,yes
Sylvester  Morales,Male,40,Nevada,Blue Collar,05.Nov.2017,"$63,374.91 ",married,secondary,no,no,cellular,25,18,unknown,no
Paulette  Spencer,Male,44,Nevada,Blue Collar,05.Nov.2017,"$128,631.76 ",married,tertiary,yes,no,cellular,497,5,unknown,no
Drew  Rogers,Male,45,Nevada,Blue Collar,05.Nov.2017,"$131,888.19 ",divorced,secondary,yes,no,unknown,180,1,unknown,no
Max  Rodgers,Female,28,Wyoming,Other,05.Nov.2017,"$92,741.49 ",divorced,secondary,yes,yes,cellular,698,2,failure,yes
Herman  Williams,Female,40,Wyoming,White Collar,05.Nov.2017,"$16,289.18 ",married,primary,no,no,unknown,134,1,unknown,no
Bethany  Pena,Female,39,Oregon,Other,05.Nov.2017,"$75,359.81 ",married,tertiary,yes,no,cellular,223,2,other,no
Max  Rodgers,Female,42,Oregon,Other,05.Nov.2017,"$64,739.16 ",married,primary,no,no,cellular,399,3,unknown,yes
Trevor  Jones,Male,38,California,White Collar,06.Nov.2017,"$18,477.27 ",married,secondary,yes,no,unknown,420,1,unknown,no
Trevor  Jones,Male,28,California,White Collar,06.Nov.2017,"$19,984.76 ",married,secondary,yes,no,unknown,233,3,unknown,no
Christy  Olson,Female,29,California,Other,06.Nov.2017,"$2,736.04 ",married,primary,no,no,cellular,702,1,unknown,no
Kyle  Carr,Male,34,California,White Collar,06.Nov.2017,"$28,314.21 ",married,secondary,yes,no,cellular,161,1,failure,yes
Lorraine  Gibson,Male,61,Nevada,Blue Collar,06.Nov.2017,"$40,925.63 ",single,secondary,yes,no,cellular,110,1,failure,no
Lula  Daniels,Male,49,Nevada,Other,06.Nov.2017,"$125,356.24 ",married,tertiary,no,no,cellular,27,6,unknown,no
Beth  Tucker,Male,43,Nevada,Other,06.Nov.2017,"$105,415.01 ",married,primary,yes,no,telephone,58,2,failure,no
Drew  Rogers,Female,32,California,Blue Collar,07.Nov.2017,"$16,144.91 ",married,unknown,no,no,cellular,68,1,unknown,no
Tiffany  May,Female,26,California,White Collar,07.Nov.2017,"$19,848.30 ",married,tertiary,no,no,cellular,92,2,unknown,no
Bernadette  Page,Male,33,California,White Collar,07.Nov.2017,"$45,114.19 ",married,primary,no,yes,cellular,45,1,unknown,no
Don  Gonzales,Male,46,California,White Collar,07.Nov.2017,"$125,492.33 ",single,secondary,yes,no,cellular,79,1,unknown,no
Edwin  Malone,Male,35,California,Blue Collar,07.Nov.2017,"$23,743.13 ",single,secondary,yes,no,cellular,11,5,other,no
Cecilia  Manning,Male,48,California,White Collar,07.Nov.2017,"$27,243.99 ",single,tertiary,yes,no,cellular,520,1,unknown,no
Allan  Ramos,Male,39,California,White Collar,07.Nov.2017,"$89,016.19 ",single,unknown,no,no,cellular,86,1,unknown,no
Jenny  Garcia,Female,51,Nevada,Blue Collar,07.Nov.2017,"$77,613.30 ",married,tertiary,no,no,cellular,16,16,unknown,no
Cecilia  Manning,Female,39,Nevada,Other,07.Nov.2017,"$46,632.85 ",married,secondary,no,no,cellular,154,2,unknown,no
Bernadette  Page,Female,56,Nevada,Other,07.Nov.2017,"$43,542.09 ",married,primary,yes,no,unknown,91,1,unknown,no
Felicia  Jennings,Male,36,Nevada,Blue Collar,07.Nov.2017,"$158,619.01 ",single,secondary,no,no,cellular,389,2,unknown,no
Ernest  Davis,Female,33,California,White Collar,08.Nov.2017,"$96,390.90 ",married,secondary,no,yes,cellular,71,15,unknown,no
Iris  Underwood,Female,43,California,Other,08.Nov.2017,"$109,851.96 ",single,secondary,yes,no,unknown,111,3,unknown,no
Kyle  Carr,Female,44,California,White Collar,08.Nov.2017,"$13,743.33 ",married,tertiary,yes,no,unknown,68,2,unknown,no
Jaime  Pearson,Male,24,California,White Collar,08.Nov.2017,"$53,640.25 ",married,secondary,yes,no,cellular,75,2,failure,no
Bethany  Pena,Female,31,California,White Collar,08.Nov.2017,"$2,159.19 ",married,primary,no,yes,cellular,212,1,unknown,no
Rachel  Gomez,Female,25,California,Other,08.Nov.2017,"$2,819.97 ",married,secondary,no,no,cellular,91,2,failure,no
Lynette  Brewer,Male,39,California,Blue Collar,08.Nov.2017,"$43,342.76 ",married,secondary,no,no,cellular,79,2,unknown,no
Carla  Mccormick,Male,24,California,White Collar,08.Nov.2017,"$37,126.34 ",married,tertiary,no,no,cellular,646,2,unknown,no
Rachel  Gomez,Male,43,California,White Collar,08.Nov.2017,"$6,597.18 ",married,secondary,yes,no,cellular,206,1,unknown,no
Della  Jensen,Female,32,California,White Collar,08.Nov.2017,"$40,931.03 ",single,tertiary,yes,no,cellular,257,1,failure,yes
Isabel  Cross,Female,27,California,White Collar,08.Nov.2017,"$4,655.54 ",married,secondary,no,yes,cellular,81,2,unknown,no
Eddie  Green,Male,51,Nevada,White Collar,08.Nov.2017,"$48,429.78 ",married,secondary,yes,no,cellular,470,1,other,no
Max  Rodgers,Female,48,Nevada,Other,08.Nov.2017,"$28,490.06 ",single,tertiary,yes,no,unknown,133,2,unknown,no
Salvador  Bass,Male,52,Nevada,White Collar,08.Nov.2017,"$111,283.34 ",married,tertiary,no,no,unknown,230,2,unknown,no
Ben  Perez,Female,40,Nevada,Other,08.Nov.2017,"$32,875.25 ",married,primary,yes,no,cellular,76,6,unknown,no
Max  Rodgers,Female,49,Nevada,Other,08.Nov.2017,"$171,743.91 ",single,unknown,no,no,unknown,26,1,unknown,no
Ben  Perez,Female,31,Nevada,Other,08.Nov.2017,"$21,679.48 ",single,secondary,yes,no,cellular,154,2,failure,no
Donna  Reid,Male,31,Wyoming,White Collar,08.Nov.2017,"$52,907.13 ",married,tertiary,yes,yes,cellular,94,4,unknown,no
Carla  Mccormick,Female,38,Wyoming,White Collar,08.Nov.2017,"$18,545.75 ",married,tertiary,no,no,cellular,254,2,unknown,yes
Max  Rodgers,Male,27,Wyoming,White Collar,08.Nov.2017,"$133,112.85 ",married,tertiary,yes,yes,cellular,1156,1,unknown,no
Willie  Vega,Male,29,California,Blue Collar,09.Nov.2017,"$14,278.73 ",married,secondary,no,no,cellular,248,5,unknown,no
Elaine  Ellis,Female,47,California,White Collar,09.Nov.2017,"$13,796.52 ",married,primary,no,no,cellular,884,3,unknown,no
Billie  Chandler,Male,23,California,Other,09.Nov.2017,"$6,846.46 ",married,secondary,no,yes,cellular,275,2,unknown,no
Jaime  Pearson,Female,29,California,White Collar,09.Nov.2017,"$51,827.76 ",married,secondary,yes,no,cellular,200,2,unknown,no
Marion  Glover,Male,37,California,Other,09.Nov.2017,"$34,919.27 ",divorced,secondary,yes,no,unknown,228,1,unknown,no
Jaime  Pearson,Male,35,California,Blue Collar,09.Nov.2017,"$6,943.76 ",married,secondary,no,no,cellular,475,2,unknown,yes
Jenny  Garcia,Female,35,California,Blue Collar,09.Nov.2017,"$26,442.30 ",divorced,secondary,no,no,cellular,393,5,unknown,no
Kyle  Carr,Male,30,California,White Collar,09.Nov.2017,"$12,569.12 ",married,primary,no,no,cellular,156,4,unknown,no
Rachel  Gomez,Female,46,Nevada,Blue Collar,09.Nov.2017,"$79,592.51 ",married,primary,no,no,cellular,244,3,unknown,no
Shari  Silva,Female,43,Nevada,Other,09.Nov.2017,"$57,175.45 ",married,secondary,yes,no,unknown,118,1,unknown,no
Elbert  Klein,Male,42,Nevada,Blue Collar,09.Nov.2017,"$102,944.58 ",single,secondary,no,no,cellular,40,2,unknown,no
Max  Rodgers,Female,28,Nevada,Other,09.Nov.2017,"$48,458.54 ",married,secondary,yes,no,unknown,700,3,unknown,no
Sonya  Mullins,Female,51,Nevada,Other,09.Nov.2017,"$7,801.04 ",single,tertiary,yes,no,cellular,97,3,unknown,no
Cassandra  Franklin,Male,56,Nevada,Blue Collar,09.Nov.2017,"$82,528.94 ",single,secondary,no,no,cellular,252,1,success,yes
Cindy  Becker,Female,50,Wyoming,Other,09.Nov.2017,"$136,669.91 ",married,secondary,no,yes,cellular,360,4,unknown,no
Billie  Chandler,Female,23,California,White Collar,10.Nov.2017,"$36,393.43 ",married,tertiary,no,no,cellular,235,1,unknown,no
Dan  Peterson,Female,30,California,White Collar,10.Nov.2017,"$39,627.04 ",married,secondary,yes,no,unknown,1521,1,unknown,no
Bethany  Pena,Male,34,California,White Collar,10.Nov.2017,"$106,510.03 ",married,tertiary,yes,no,cellular,105,4,failure,no
Marion  Glover,Female,23,California,White Collar,10.Nov.2017,"$199,386.39 ",married,tertiary,no,yes,cellular,86,1,unknown,no
Beth  Tucker,Male,34,California,White Collar,10.Nov.2017,"$144,616.12 ",married,secondary,no,no,cellular,484,1,failure,no
Joey  Wong,Male,26,California,Blue Collar,10.Nov.2017,"$14,085.18 ",single,secondary,no,no,telephone,117,1,unknown,no
Rachel  Gomez,Female,24,California,White Collar,10.Nov.2017,"$139,296.94 ",married,secondary,no,no,unknown,119,1,unknown,no
Cassandra  Franklin,Male,50,Nevada,White Collar,10.Nov.2017,"$29,784.00 ",married,primary,yes,no,unknown,359,1,unknown,no
Lee  Mack,Male,40,Nevada,Blue Collar,10.Nov.2017,"$27,619.15 ",married,primary,no,no,telephone,109,8,unknown,no
Robert  Munoz,Male,61,Nevada,Blue Collar,10.Nov.2017,"$9,316.88 ",married,secondary,no,no,unknown,236,1,unknown,no
Joey  Wong,Male,53,Nevada,Blue Collar,10.Nov.2017,"$7,194.94 ",married,primary,no,no,telephone,203,3,failure,no
Andrew  Meyer,Male,61,Nevada,Other,10.Nov.2017,"$8,523.04 ",married,primary,yes,no,unknown,202,2,unknown,no
Christina  Fuller,Male,61,Nevada,Blue Collar,10.Nov.2017,"$112,891.48 ",married,secondary,no,yes,unknown,42,1,unknown,no
Shari  Silva,Male,42,Wyoming,White Collar,10.Nov.2017,"$21,937.70 ",married,secondary,no,yes,unknown,21,1,unknown,no
Peter  Hodges,Male,31,Wyoming,White Collar,10.Nov.2017,"$72,690.78 ",single,secondary,yes,no,cellular,186,1,unknown,no
Jenny  Garcia,Male,32,Wyoming,Blue Collar,10.Nov.2017,"$64,972.64 ",divorced,secondary,yes,no,cellular,172,1,unknown,no
Rachel  Gomez,Male,42,California,White Collar,11.Nov.2017,"$74,153.42 ",divorced,secondary,yes,no,cellular,527,1,unknown,no
Rachel  Gomez,Male,27,California,White Collar,11.Nov.2017,"$219,240.87 ",married,secondary,yes,no,telephone,175,1,unknown,no
Robert  Munoz,Female,38,California,White Collar,11.Nov.2017,"$35,321.72 ",married,primary,yes,no,unknown,21,18,unknown,no
Jenny  Garcia,Female,45,California,White Collar,11.Nov.2017,"$32,379.51 ",single,tertiary,no,yes,cellular,370,4,unknown,no
Isabel  Cross,Male,33,California,Other,11.Nov.2017,"$3,892.97 ",married,secondary,yes,no,unknown,54,2,unknown,no
Bobbie  Ryan,Male,30,California,White Collar,11.Nov.2017,"$63,778.70 ",married,secondary,yes,no,cellular,63,3,unknown,no
Cecilia  Manning,Male,25,California,White Collar,11.Nov.2017,"$53,762.00 ",married,secondary,yes,no,unknown,116,3,unknown,no
Rachel  Gomez,Female,34,California,White Collar,11.Nov.2017,"$28,141.93 ",divorced,secondary,yes,no,unknown,151,1,unknown,no
Shari  Silva,Male,34,California,White Collar,11.Nov.2017,"$63,325.75 ",single,secondary,yes,no,cellular,300,1,unknown,no
Guillermo  Potter,Male,35,California,Other,11.Nov.2017,"$37,695.87 ",married,tertiary,yes,no,cellular,48,1,failure,no
Guillermo  Potter,Female,32,California,White Collar,11.Nov.2017,"$95,723.48 ",married,secondary,no,no,unknown,217,1,unknown,no
Patty  Thompson,Male,58,Nevada,Blue Collar,11.Nov.2017,"$113,922.33 ",single,secondary,yes,no,cellular,727,2,unknown,yes
Lance  Yates,Female,39,Nevada,Other,11.Nov.2017,"$90,009.81 ",married,secondary,yes,no,unknown,193,1,unknown,no
Iris  Underwood,Male,53,Nevada,White Collar,11.Nov.2017,"$42,505.31 ",married,secondary,yes,yes,cellular,72,1,failure,no
Cindy  Becker,Female,27,Nevada,Other,11.Nov.2017,"$11,692.90 ",married,primary,yes,no,unknown,165,1,unknown,no
Robert  Munoz,Male,45,Nevada,Blue Collar,11.Nov.2017,"$16,058.48 ",married,tertiary,no,no,cellular,345,10,unknown,no
Pauline  Beck,Male,52,Nevada,Blue Collar,11.Nov.2017,"$46,678.88 ",married,primary,yes,no,unknown,206,2,unknown,no
Della  Jensen,Male,51,Nevada,Blue Collar,11.Nov.2017,"$92,892.10 ",married,secondary,no,yes,cellular,994,2,unknown,yes
Fernando  Rowe,Male,60,Nevada,Other,11.Nov.2017,"$34,508.99 ",married,tertiary,yes,no,unknown,127,2,unknown,no
Drew  Rogers,Female,58,Nevada,Other,11.Nov.2017,"$156,870.90 ",married,primary,yes,no,unknown,29,32,unknown,no
Salvador  Bass,Male,45,Nevada,Blue Collar,11.Nov.2017,"$42,766.43 ",married,primary,no,no,unknown,70,3,unknown,no
Lance  Yates,Male,49,Nevada,Blue Collar,11.Nov.2017,"$52,525.13 ",married,secondary,yes,yes,cellular,40,2,unknown,no
Marian  Hill,Female,25,Wyoming,White Collar,11.Nov.2017,"$21,837.76 ",married,primary,no,yes,telephone,185,4,unknown,no
Salvador  Bass,Female,34,Wyoming,White Collar,11.Nov.2017,"$12,620.58 ",divorced,unknown,no,no,cellular,64,2,unknown,no
Felicia  Jennings,Female,44,Wyoming,White Collar,11.Nov.2017,"$49,509.57 ",married,secondary,no,no,unknown,97,1,unknown,no
Nellie  Joseph,Female,46,Wyoming,Blue Collar,11.Nov.2017,"$43,300.99 ",married,secondary,no,no,cellular,316,5,unknown,no
Patty  Thompson,Female,46,California,Blue Collar,12.Nov.2017,"$7,323.27 ",married,tertiary,yes,no,cellular,125,1,failure,no
Blake  Bridges,Male,39,California,White Collar,12.Nov.2017,"$6,809.63 ",married,primary,yes,no,unknown,233,1,unknown,no
Ellen  Weaver,Male,29,California,Blue Collar,12.Nov.2017,"$28,533.99 ",divorced,secondary,yes,no,unknown,14,7,other,no
Marian  Hill,Male,32,California,White Collar,12.Nov.2017,"$88,455.60 ",married,tertiary,yes,no,cellular,245,1,unknown,yes
Salvador  Bass,Female,34,California,White Collar,12.Nov.2017,"$39,951.42 ",married,primary,yes,no,unknown,109,1,unknown,no
Austin  Reynolds,Male,41,Nevada,Blue Collar,12.Nov.2017,"$145,709.43 ",married,secondary,yes,yes,cellular,429,2,unknown,no
Cecilia  Manning,Male,58,Nevada,Blue Collar,12.Nov.2017,"$16,097.39 ",married,tertiary,no,no,cellular,133,11,unknown,no
Herman  Williams,Male,32,Nevada,Blue Collar,12.Nov.2017,"$68,371.72 ",single,secondary,no,no,cellular,70,2,unknown,no
Johanna  Boone,Male,18,Nevada,Blue Collar,12.Nov.2017,"$38,653.33 ",married,primary,yes,no,unknown,118,1,unknown,no
Cecilia  Manning,Female,40,Wyoming,White Collar,12.Nov.2017,"$29,025.67 ",single,secondary,yes,no,cellular,1579,1,failure,yes
Max  Rodgers,Male,39,Wyoming,Blue Collar,12.Nov.2017,"$71,689.36 ",single,primary,yes,yes,telephone,29,1,unknown,no
Mable  Lindsey,Male,41,Wyoming,White Collar,12.Nov.2017,"$12,202.97 ",married,secondary,no,no,unknown,173,1,unknown,no
Charlie  Wood,Male,29,California,White Collar,13.Nov.2017,"$30,098.04 ",married,tertiary,no,no,cellular,13,14,unknown,no
Drew  Rogers,Male,44,California,White Collar,13.Nov.2017,"$19,670.00 ",divorced,secondary,yes,no,cellular,183,1,failure,no
Salvador  Bass,Male,37,California,White Collar,13.Nov.2017,"$89,064.01 ",married,tertiary,yes,no,cellular,175,2,unknown,no
Brooke  Horton,Female,32,California,White Collar,13.Nov.2017,"$79,513.19 ",married,secondary,no,no,unknown,123,1,unknown,no
Edwin  Malone,Female,38,California,White Collar,13.Nov.2017,"$2,637.94 ",single,secondary,yes,no,cellular,288,1,other,no
Robert  Munoz,Female,32,California,White Collar,13.Nov.2017,"$13,860.66 ",married,secondary,yes,no,unknown,19,18,unknown,no
Cindy  Becker,Female,38,California,White Collar,13.Nov.2017,"$98,645.40 ",married,secondary,no,no,cellular,136,4,unknown,no
Brooke  Horton,Male,51,Nevada,Other,13.Nov.2017,"$20,218.10 ",married,secondary,no,no,unknown,437,2,unknown,no
Della  Jensen,Male,51,Nevada,Blue Collar,13.Nov.2017,"$163,275.81 ",married,primary,no,no,cellular,1225,2,unknown,no
Salvador  Bass,Male,49,Nevada,Other,13.Nov.2017,"$68,102.48 ",married,primary,yes,no,unknown,526,8,unknown,no
Woodrow  Colon,Female,56,Nevada,Other,13.Nov.2017,"$17,705.12 ",divorced,secondary,no,no,cellular,91,2,unknown,no
Andrew  Meyer,Male,42,Wyoming,White Collar,13.Nov.2017,"$67,978.36 ",single,tertiary,yes,no,cellular,123,3,unknown,no
Bobbie  Ryan,Male,35,Wyoming,White Collar,13.Nov.2017,"$10,654.67 ",single,secondary,yes,no,cellular,62,1,unknown,no
Robert  Munoz,Female,42,Wyoming,Blue Collar,13.Nov.2017,"$36,175.97 ",married,secondary,no,no,cellular,865,2,failure,no
Herman  Williams,Female,27,California,White Collar,14.Nov.2017,"$110,032.67 ",married,secondary,no,no,telephone,82,3,unknown,no
Christy  Olson,Female,33,California,White Collar,14.Nov.2017,"$32,648.82 ",married,secondary,yes,no,cellular,219,7,failure,no
Bethany  Pena,Male,44,California,White Collar,14.Nov.2017,"$5,655.58 ",married,tertiary,no,no,cellular,569,1,unknown,yes
Nellie  Joseph,Female,29,California,White Collar,14.Nov.2017,"$34,565.61 ",married,secondary,yes,no,cellular,460,2,unknown,yes
Cecilia  Manning,Female,23,California,White Collar,14.Nov.2017,"$34,656.72 ",married,secondary,yes,no,cellular,238,3,unknown,no
Christina  Fuller,Female,37,California,White Collar,14.Nov.2017,"$41,467.58 ",single,secondary,no,no,cellular,346,5,unknown,no
Lance  Yates,Male,31,California,White Collar,14.Nov.2017,"$15,486.78 ",married,secondary,no,no,cellular,161,2,unknown,no
Guillermo  Potter,Female,25,California,Other,14.Nov.2017,"$18,788.75 ",married,tertiary,no,no,cellular,51,9,unknown,no
Don  Gonzales,Male,41,California,Other,14.Nov.2017,"$6,134.97 ",married,primary,yes,no,telephone,37,1,unknown,no
Paulette  Spencer,Male,40,California,White Collar,14.Nov.2017,"$73,864.93 ",married,secondary,yes,yes,cellular,141,8,other,no
Bobbie  Ryan,Female,35,California,Blue Collar,14.Nov.2017,"$5,481.79 ",married,secondary,no,no,cellular,173,2,unknown,no
Austin  Reynolds,Female,41,California,White Collar,14.Nov.2017,"$31,033.46 ",married,secondary,yes,no,unknown,66,2,unknown,no
Cassandra  Franklin,Male,25,California,White Collar,14.Nov.2017,"$26,943.46 ",married,secondary,yes,yes,unknown,209,1,unknown,no
Guillermo  Potter,Male,43,California,Blue Collar,14.Nov.2017,"$7,176.03 ",single,primary,yes,no,cellular,1011,20,unknown,no
Della  Jensen,Male,39,California,Blue Collar,14.Nov.2017,"$5,128.03 ",divorced,tertiary,yes,no,telephone,147,2,failure,no
Ruben  Nunez,Male,36,California,White Collar,14.Nov.2017,"$12,028.45 ",single,tertiary,no,no,cellular,88,4,unknown,no
Shari  Silva,Male,32,California,Blue Collar,14.Nov.2017,"$40,768.81 ",single,secondary,yes,no,telephone,52,1,unknown,no
Ernest  Davis,Male,52,Nevada,Other,14.Nov.2017,"$165,725.27 ",divorced,secondary,yes,no,unknown,544,3,unknown,no
Ruben  Nunez,Female,55,Nevada,Other,14.Nov.2017,"$10,991.81 ",single,secondary,no,no,telephone,360,1,success,yes
Trevor  Jones,Female,55,Nevada,Other,14.Nov.2017,"$27,917.67 ",single,tertiary,yes,no,cellular,95,2,unknown,no
Drew  Rogers,Male,51,Nevada,Blue Collar,14.Nov.2017,"$43,651.13 ",married,secondary,no,yes,cellular,322,1,unknown,no
Fernando  Rowe,Male,49,Nevada,Other,14.Nov.2017,"$10,269.78 ",married,primary,no,no,unknown,106,3,unknown,no
Sandra  Floyd,Male,58,Nevada,Blue Collar,14.Nov.2017,"$97,755.45 ",married,secondary,yes,no,unknown,20,1,unknown,no
Brooke  Horton,Male,49,Nevada,Other,14.Nov.2017,"$67,976.16 ",married,secondary,yes,no,cellular,178,7,other,no
Mable  Lindsey,Female,30,Nevada,Other,14.Nov.2017,"$46,732.03 ",married,secondary,yes,no,unknown,325,4,unknown,no
Ben  Perez,Female,48,Nevada,Other,14.Nov.2017,"$14,562.82 ",married,secondary,yes,yes,unknown,343,2,unknown,no
Jaime  Pearson,Male,39,Wyoming,White Collar,14.Nov.2017,"$215,830.43 ",single,tertiary,no,no,cellular,213,4,unknown,yes
Robert  Munoz,Male,27,Wyoming,White Collar,14.Nov.2017,"$22,575.87 ",married,secondary,yes,yes,cellular,193,3,unknown,no
Robert  Munoz,Female,31,Wyoming,Other,14.Nov.2017,"$34,469.69 ",married,tertiary,no,yes,cellular,168,7,unknown,no
Lula  Daniels,Male,47,Wyoming,Blue Collar,14.Nov.2017,"$145,075.46 ",married,secondary,no,no,cellular,423,1,unknown,yes
Carla  Mccormick,Male,48,California,White Collar,15.Nov.2017,"$6,116.16 ",divorced,tertiary,yes,no,unknown,218,1,unknown,no
Edwin  Malone,Female,44,California,White Collar,15.Nov.2017,"$14,592.40 ",married,primary,yes,no,unknown,158,1,unknown,no
Elvira  Bowman,Male,31,California,Other,15.Nov.2017,"$8,174.73 ",married,secondary,yes,no,cellular,433,1,unknown,no
Marion  Glover,Male,27,California,White Collar,15.Nov.2017,"$15,197.37 ",married,secondary,no,no,unknown,252,3,unknown,no
Brooke  Horton,Female,36,California,Blue Collar,15.Nov.2017,"$28,245.43 ",married,tertiary,no,no,cellular,175,1,unknown,no
Elaine  Ellis,Male,29,California,White Collar,15.Nov.2017,"$85,413.96 ",divorced,primary,no,no,cellular,192,1,unknown,no
Ernest  Davis,Female,35,California,White Collar,15.Nov.2017,"$46,828.93 ",single,unknown,no,yes,cellular,158,1,unknown,no
Salvador  Bass,Male,28,California,Other,15.Nov.2017,"$20,101.00 ",married,primary,no,no,telephone,114,2,unknown,no
Max  Rodgers,Female,31,California,White Collar,15.Nov.2017,"$63,673.21 ",married,tertiary,yes,yes,unknown,246,1,unknown,no
Charlie  Wood,Male,29,California,Other,15.Nov.2017,"$53,859.57 ",single,secondary,no,no,telephone,44,1,unknown,no
Elbert  Klein,Male,32,California,White Collar,15.Nov.2017,"$19,334.31 ",married,tertiary,no,no,cellular,136,2,unknown,no
Isabel  Cross,Male,37,Wyoming,White Collar,15.Nov.2017,"$88,796.57 ",married,tertiary,yes,no,cellular,247,2,unknown,no
Bethany  Pena,Female,26,Wyoming,White Collar,15.Nov.2017,"$199,526.78 ",single,unknown,yes,no,unknown,227,1,unknown,no
Joey  Wong,Female,40,California,White Collar,16.Nov.2017,"$47,836.33 ",married,secondary,no,no,cellular,219,4,unknown,no
Johanna  Boone,Male,37,California,White Collar,16.Nov.2017,"$6,370.63 ",married,primary,no,no,telephone,326,2,success,yes
Andrew  Meyer,Male,29,California,Blue Collar,16.Nov.2017,"$55,263.31 ",married,secondary,yes,no,unknown,226,2,unknown,no
Arturo  Francis,Male,40,California,White Collar,16.Nov.2017,"$83,238.94 ",married,primary,yes,no,cellular,351,2,unknown,no
Ruben  Nunez,Female,35,California,White Collar,16.Nov.2017,"$12,232.70 ",married,primary,no,no,telephone,341,4,failure,no
Lorraine  Gibson,Female,31,California,White Collar,16.Nov.2017,"$43,725.31 ",married,primary,no,yes,telephone,124,1,unknown,no
Salvador  Bass,Male,35,California,White Collar,16.Nov.2017,"$15,359.18 ",married,tertiary,no,no,cellular,123,3,unknown,no
Della  Jensen,Male,24,California,Other,16.Nov.2017,"$85,221.33 ",married,primary,yes,yes,unknown,244,6,unknown,no
Elaine  Ellis,Female,50,California,White Collar,16.Nov.2017,"$75,534.99 ",married,secondary,no,yes,cellular,151,8,unknown,no
Allan  Ramos,Male,44,California,White Collar,16.Nov.2017,"$13,671.88 ",married,secondary,no,no,cellular,736,7,unknown,no
Isabel  Cross,Male,38,California,White Collar,16.Nov.2017,"$30,204.91 ",married,secondary,yes,no,telephone,109,1,unknown,no
Della  Jensen,Male,45,California,White Collar,16.Nov.2017,"$3,699.30 ",married,tertiary,yes,no,telephone,117,2,unknown,no
Willie  Vega,Male,58,Nevada,Blue Collar,16.Nov.2017,"$118,887.13 ",married,secondary,no,yes,telephone,77,2,unknown,no
Della  Jensen,Female,59,Nevada,Other,16.Nov.2017,"$21,856.37 ",married,primary,yes,yes,unknown,42,1,unknown,no
Lynette  Brewer,Female,32,California,White Collar,17.Nov.2017,"$50,051.12 ",married,secondary,yes,no,cellular,252,3,unknown,no
Fernando  Rowe,Male,36,California,White Collar,17.Nov.2017,"$7,872.66 ",married,secondary,yes,no,unknown,179,1,unknown,no
Cindy  Becker,Male,24,California,White Collar,17.Nov.2017,"$24,956.67 ",married,secondary,no,no,cellular,106,3,unknown,no
Sonya  Mullins,Male,31,California,Blue Collar,17.Nov.2017,"$76,328.48 ",married,secondary,no,yes,telephone,281,3,unknown,no
Edwin  Malone,Male,30,California,White Collar,17.Nov.2017,"$43,705.61 ",married,primary,no,no,cellular,384,2,unknown,yes
Joey  Wong,Male,37,California,White Collar,17.Nov.2017,"$56,223.28 ",married,secondary,yes,yes,cellular,217,1,unknown,no
Max  Rodgers,Male,41,California,Blue Collar,17.Nov.2017,"$7,521.66 ",married,secondary,no,yes,cellular,144,4,unknown,no
Ruben  Nunez,Male,45,California,White Collar,17.Nov.2017,"$56,862.34 ",single,secondary,yes,yes,cellular,374,1,unknown,no
Salvador  Bass,Female,35,California,Other,17.Nov.2017,"$123,413.73 ",married,tertiary,no,no,unknown,298,1,unknown,no
Eric  Rose,Male,31,California,White Collar,17.Nov.2017,"$14,647.15 ",married,tertiary,no,no,cellular,814,2,unknown,yes
Elaine  Ellis,Male,39,California,White Collar,17.Nov.2017,"$208,109.10 ",married,secondary,yes,no,cellular,33,31,unknown,no
Arturo  Francis,Female,43,California,White Collar,17.Nov.2017,"$40,726.12 ",married,tertiary,yes,no,cellular,128,2,unknown,no
Sylvester  Morales,Male,27,California,White Collar,17.Nov.2017,"$62,349.57 ",married,tertiary,no,no,cellular,129,4,unknown,no
Iris  Underwood,Female,37,California,White Collar,17.Nov.2017,"$66,170.43 ",single,tertiary,yes,no,cellular,274,4,unknown,no
Beth  Tucker,Female,39,California,Blue Collar,17.Nov.2017,"$50,120.55 ",married,primary,yes,no,cellular,984,1,unknown,yes
Max  Rodgers,Male,42,California,White Collar,17.Nov.2017,"$45,965.34 ",single,secondary,yes,no,unknown,413,2,unknown,no
Rachel  Gomez,Female,29,California,White Collar,17.Nov.2017,"$106,600.03 ",married,secondary,yes,no,cellular,44,1,failure,no
Andrew  Meyer,Male,39,California,White Collar,17.Nov.2017,"$78,456.10 ",married,tertiary,yes,yes,cellular,70,4,other,no
Lee  Mack,Female,43,California,Blue Collar,17.Nov.2017,"$35,134.03 ",single,unknown,no,no,cellular,463,18,unknown,no
Ben  Perez,Male,26,California,White Collar,17.Nov.2017,"$155,769.61 ",single,tertiary,no,no,cellular,96,2,unknown,no
Rachel  Gomez,Female,37,California,Other,17.Nov.2017,$504.84 ,single,secondary,yes,no,cellular,276,1,failure,no
Max  Rodgers,Male,26,California,White Collar,17.Nov.2017,"$97,436.31 ",married,primary,yes,no,cellular,257,2,other,no
Isabel  Cross,Female,43,Nevada,Other,17.Nov.2017,"$56,733.25 ",married,primary,no,no,cellular,131,3,unknown,no
Isabel  Cross,Female,56,Nevada,White Collar,17.Nov.2017,"$50,369.16 ",divorced,secondary,yes,yes,cellular,586,2,unknown,no
Guillermo  Potter,Male,57,Nevada,Blue Collar,17.Nov.2017,"$28,222.45 ",married,secondary,yes,no,cellular,267,1,failure,yes
Fernando  Rowe,Male,37,Nevada,Blue Collar,17.Nov.2017,"$68,187.19 ",single,secondary,no,no,telephone,29,1,unknown,no
Don  Gonzales,Female,39,Nevada,Other,17.Nov.2017,"$19,493.28 ",married,secondary,no,no,unknown,65,6,unknown,no
Salvador  Bass,Female,46,Nevada,Blue Collar,17.Nov.2017,"$102,278.54 ",single,secondary,yes,no,cellular,67,3,unknown,no
Kyle  Carr,Male,56,Nevada,Other,17.Nov.2017,"$44,567.73 ",single,tertiary,no,no,cellular,190,1,success,no
Lula  Daniels,Male,44,Nevada,Other,17.Nov.2017,"$95,125.46 ",married,unknown,no,no,cellular,287,2,unknown,no
Bethany  Pena,Female,45,Wyoming,White Collar,17.Nov.2017,"$30,371.18 ",single,tertiary,yes,no,unknown,77,1,unknown,no
Herman  Williams,Female,28,Wyoming,White Collar,17.Nov.2017,"$71,826.34 ",married,secondary,yes,yes,unknown,169,1,unknown,no
Cassandra  Franklin,Male,30,Wyoming,Blue Collar,17.Nov.2017,"$56,854.28 ",divorced,primary,yes,no,cellular,25,1,unknown,no
Drew  Rogers,Male,43,California,White Collar,18.Nov.2017,"$18,392.73 ",divorced,secondary,no,no,unknown,669,1,unknown,yes
Brooke  Horton,Male,34,California,Blue Collar,18.Nov.2017,"$27,479.69 ",married,primary,yes,no,telephone,122,6,unknown,no
Lee  Mack,Male,34,California,White Collar,18.Nov.2017,"$18,264.31 ",married,tertiary,no,no,cellular,269,3,success,yes
Bethany  Pena,Male,41,California,White Collar,18.Nov.2017,"$82,145.33 ",married,secondary,no,no,telephone,167,1,unknown,no
Tracy  Reed,Male,32,California,White Collar,18.Nov.2017,"$46,067.13 ",married,tertiary,yes,yes,cellular,244,1,unknown,no
Edwin  Malone,Male,38,California,White Collar,18.Nov.2017,"$3,936.90 ",married,unknown,yes,no,unknown,99,6,unknown,no
Lula  Daniels,Female,34,Wyoming,Other,18.Nov.2017,"$28,729.51 ",married,secondary,yes,yes,unknown,76,2,unknown,no
Ernest  Davis,Female,40,Wyoming,White Collar,18.Nov.2017,"$80,143.45 ",married,primary,no,yes,telephone,252,4,unknown,no
Eric  Rose,Male,27,California,Blue Collar,19.Nov.2017,"$14,723.96 ",married,tertiary,no,no,cellular,213,3,success,yes
Cindy  Becker,Female,42,California,White Collar,19.Nov.2017,"$37,547.90 ",single,secondary,yes,no,unknown,14,1,unknown,no
Isabel  Cross,Female,37,California,White Collar,19.Nov.2017,"$38,882.46 ",married,secondary,yes,no,telephone,121,2,unknown,no
Max  Rodgers,Male,51,Nevada,Blue Collar,19.Nov.2017,"$19,051.39 ",married,secondary,yes,no,unknown,153,1,unknown,no
Edwin  Malone,Female,43,Nevada,Other,19.Nov.2017,"$13,188.58 ",married,primary,no,no,cellular,8,5,other,no
Tracy  Reed,Female,28,Wyoming,White Collar,19.Nov.2017,"$102,698.55 ",married,primary,no,no,cellular,244,1,unknown,no
Della  Jensen,Female,30,Wyoming,White Collar,19.Nov.2017,"$19,609.09 ",divorced,secondary,no,no,unknown,67,2,unknown,no
Bernadette  Page,Female,39,Wyoming,Other,19.Nov.2017,"$102,475.00 ",married,tertiary,yes,no,cellular,169,1,failure,no
Joey  Wong,Male,29,Wyoming,White Collar,19.Nov.2017,"$141,077.96 ",single,tertiary,no,no,cellular,86,2,unknown,no
Ivan  Adkins,Male,34,California,Other,20.Nov.2017,"$101,333.25 ",married,secondary,no,yes,cellular,277,2,unknown,no
Max  Rodgers,Male,36,California,White Collar,20.Nov.2017,"$94,511.37 ",married,secondary,yes,no,cellular,154,5,other,no
Ivan  Adkins,Female,36,California,White Collar,20.Nov.2017,"$126,406.25 ",married,secondary,no,no,unknown,135,3,unknown,no
Elbert  Klein,Male,32,California,White Collar,20.Nov.2017,"$13,533.97 ",married,secondary,yes,no,cellular,392,1,unknown,no
Billie  Chandler,Female,37,California,Blue Collar,20.Nov.2017,"$16,526.52 ",divorced,secondary,yes,no,unknown,133,2,unknown,no
Tiffany  May,Male,32,California,Blue Collar,20.Nov.2017,"$114,166.88 ",married,secondary,no,no,cellular,96,2,success,no
Della  Jensen,Male,41,California,Other,20.Nov.2017,"$48,828.13 ",married,secondary,yes,no,unknown,446,1,unknown,yes
Don  Gonzales,Female,39,California,Blue Collar,20.Nov.2017,"$15,946.39 ",single,secondary,yes,no,cellular,20,6,other,no
Marian  Hill,Male,27,California,White Collar,20.Nov.2017,"$45,175.13 ",single,tertiary,yes,no,cellular,291,2,unknown,no
Bernadette  Page,Male,47,Nevada,Other,20.Nov.2017,"$10,873.39 ",married,tertiary,no,no,unknown,214,8,unknown,no
Della  Jensen,Female,39,California,White Collar,21.Nov.2017,"$157,222.25 ",married,tertiary,no,no,cellular,159,2,unknown,no
Billie  Chandler,Male,42,California,White Collar,21.Nov.2017,"$17,361.06 ",married,tertiary,yes,yes,cellular,275,4,unknown,no
Salvador  Bass,Female,21,California,White Collar,21.Nov.2017,"$4,533.30 ",married,secondary,yes,no,unknown,128,3,unknown,no
Drew  Rogers,Male,36,California,Other,21.Nov.2017,"$141,035.27 ",married,primary,no,no,telephone,207,2,failure,no
Marian  Hill,Female,35,California,White Collar,21.Nov.2017,"$30,800.39 ",single,tertiary,yes,no,unknown,146,3,unknown,no
Nellie  Joseph,Male,27,California,White Collar,21.Nov.2017,"$79,841.06 ",married,unknown,yes,no,unknown,22,1,unknown,no
Lynette  Brewer,Male,43,California,White Collar,21.Nov.2017,"$3,908.73 ",single,secondary,yes,no,cellular,239,2,success,no
Ernest  Davis,Female,38,California,White Collar,21.Nov.2017,"$133,022.58 ",married,secondary,yes,no,cellular,92,1,unknown,no
Rachel  Gomez,Female,35,California,White Collar,21.Nov.2017,"$44,075.28 ",married,primary,yes,no,unknown,149,4,unknown,no
Lance  Yates,Female,49,California,Other,21.Nov.2017,"$134,401.37 ",married,secondary,no,no,telephone,107,2,unknown,no
Della  Jensen,Male,38,California,White Collar,21.Nov.2017,"$31,964.34 ",married,tertiary,no,no,cellular,71,2,unknown,no
Charlie  Wood,Female,32,California,White Collar,21.Nov.2017,"$111,391.39 ",single,primary,yes,no,unknown,122,6,unknown,no
Brooke  Horton,Male,37,California,White Collar,21.Nov.2017,"$115,155.58 ",single,secondary,yes,no,cellular,16,6,other,no
Max  Rodgers,Male,50,Nevada,Other,21.Nov.2017,"$148,140.60 ",divorced,secondary,no,no,telephone,251,1,unknown,no
Arturo  Francis,Female,43,Nevada,Other,21.Nov.2017,"$61,995.96 ",married,tertiary,no,no,telephone,215,3,unknown,no
Allan  Ramos,Female,42,Nevada,Other,21.Nov.2017,"$10,321.10 ",married,primary,no,no,cellular,128,3,unknown,no
Joey  Wong,Male,51,Nevada,Blue Collar,21.Nov.2017,"$21,975.07 ",married,tertiary,no,no,cellular,445,3,unknown,no
Cecilia  Manning,Male,47,Nevada,Blue Collar,21.Nov.2017,"$8,768.63 ",single,tertiary,no,no,cellular,76,2,unknown,no
Bobbie  Ryan,Male,55,Nevada,Blue Collar,21.Nov.2017,"$106,381.66 ",divorced,primary,yes,no,cellular,206,1,unknown,no
Ernest  Davis,Male,51,Nevada,Other,21.Nov.2017,"$55,703.70 ",married,tertiary,yes,yes,cellular,155,1,unknown,no
Della  Jensen,Male,26,Nevada,Blue Collar,21.Nov.2017,"$59,140.87 ",divorced,secondary,yes,no,cellular,429,1,failure,no
Carla  Mccormick,Male,54,Nevada,Blue Collar,21.Nov.2017,"$11,059.31 ",married,secondary,no,yes,unknown,133,1,unknown,no
Lula  Daniels,Female,53,Nevada,Other,21.Nov.2017,$694.06 ,single,tertiary,no,no,cellular,474,3,other,yes
Della  Jensen,Male,34,Wyoming,White Collar,21.Nov.2017,"$49,030.34 ",single,tertiary,yes,no,cellular,578,1,other,no
Ruben  Nunez,Male,38,California,Other,22.Nov.2017,"$96,280.51 ",single,tertiary,yes,no,cellular,17,3,failure,no
Christina  Fuller,Male,46,California,White Collar,22.Nov.2017,"$71,504.13 ",married,tertiary,yes,no,unknown,74,1,unknown,no
Cassandra  Franklin,Female,36,California,White Collar,22.Nov.2017,"$115,750.45 ",married,tertiary,yes,no,cellular,239,3,other,yes
Iris  Underwood,Female,47,California,Blue Collar,22.Nov.2017,"$23,417.88 ",divorced,tertiary,yes,yes,cellular,275,8,unknown,no
Don  Gonzales,Male,28,California,Other,22.Nov.2017,"$123,650.84 ",divorced,secondary,yes,no,cellular,101,1,other,no
Brooke  Horton,Female,45,Nevada,Other,22.Nov.2017,"$9,217.91 ",married,tertiary,no,no,cellular,671,1,failure,yes
Willie  Vega,Male,35,Nevada,Other,22.Nov.2017,"$50,111.66 ",single,secondary,no,no,cellular,998,1,unknown,yes
Elvira  Bowman,Female,53,California,Other,23.Nov.2017,"$54,207.10 ",married,secondary,no,no,unknown,271,1,unknown,no
Ruben  Nunez,Male,31,California,White Collar,23.Nov.2017,"$30,662.03 ",single,secondary,yes,no,unknown,133,3,unknown,no
Bobbie  Ryan,Female,43,California,White Collar,23.Nov.2017,"$24,045.37 ",married,secondary,yes,no,unknown,84,2,unknown,no
Paulette  Spencer,Female,28,California,White Collar,23.Nov.2017,"$88,435.70 ",single,secondary,yes,no,cellular,281,1,unknown,no
Jenny  Garcia,Male,43,California,White Collar,23.Nov.2017,"$67,797.88 ",single,tertiary,yes,no,unknown,250,1,unknown,no
Lorraine  Gibson,Female,32,California,White Collar,23.Nov.2017,"$70,583.22 ",married,primary,no,no,cellular,144,1,unknown,yes
Sandra  Floyd,Female,30,California,White Collar,23.Nov.2017,"$41,695.93 ",divorced,secondary,yes,no,cellular,432,1,unknown,no
Eddie  Green,Male,32,California,Other,23.Nov.2017,"$1,010.28 ",married,primary,no,no,unknown,411,1,unknown,no
Woodrow  Colon,Female,29,California,White Collar,23.Nov.2017,"$58,691.39 ",married,tertiary,no,no,cellular,428,2,failure,no
Salvador  Bass,Female,30,California,Other,23.Nov.2017,"$78,318.45 ",married,tertiary,yes,no,cellular,249,2,failure,yes
Rachel  Gomez,Male,41,California,White Collar,23.Nov.2017,"$95,750.22 ",married,secondary,no,no,cellular,235,3,unknown,no
Blake  Bridges,Male,50,Nevada,Other,23.Nov.2017,"$86,017.01 ",single,tertiary,no,no,cellular,267,2,failure,yes
Cecilia  Manning,Male,22,Wyoming,White Collar,23.Nov.2017,"$37,639.87 ",married,secondary,no,no,telephone,595,1,unknown,no
Lance  Yates,Male,27,Wyoming,White Collar,23.Nov.2017,"$11,785.43 ",married,secondary,no,no,unknown,28,4,unknown,no
Andrew  Meyer,Female,27,Oregon,White Collar,23.Nov.2017,"$47,190.40 ",single,secondary,yes,no,cellular,257,2,unknown,no
Max  Rodgers,Male,47,California,White Collar,24.Nov.2017,"$18,360.13 ",divorced,primary,yes,no,cellular,630,6,unknown,yes
Mable  Lindsey,Female,32,California,Other,24.Nov.2017,"$92,953.12 ",single,secondary,yes,no,unknown,747,5,unknown,no
Della  Jensen,Female,35,California,Other,24.Nov.2017,"$42,664.70 ",married,tertiary,no,no,cellular,87,4,unknown,no
Della  Jensen,Female,35,California,Blue Collar,24.Nov.2017,"$65,422.16 ",single,tertiary,no,no,unknown,187,3,unknown,no
Trevor  Jones,Female,35,California,Other,24.Nov.2017,"$45,011.48 ",single,secondary,yes,no,unknown,452,2,unknown,no
Robert  Munoz,Female,36,California,White Collar,24.Nov.2017,"$41,981.13 ",married,primary,no,no,unknown,36,4,unknown,no
Shari  Silva,Male,50,California,White Collar,24.Nov.2017,"$26,050.54 ",married,primary,yes,no,cellular,277,1,unknown,no
Salvador  Bass,Female,32,California,White Collar,24.Nov.2017,"$102,346.57 ",single,tertiary,yes,no,cellular,118,1,unknown,no
Donna  Reid,Female,40,California,Other,24.Nov.2017,"$79,059.39 ",divorced,tertiary,yes,yes,cellular,197,2,unknown,no
Johanna  Boone,Male,44,California,Other,24.Nov.2017,"$38,459.33 ",married,secondary,no,yes,cellular,101,5,unknown,no
Lula  Daniels,Male,21,California,White Collar,24.Nov.2017,"$131,562.24 ",married,unknown,yes,no,cellular,282,2,success,yes
Sonya  Mullins,Male,37,California,Blue Collar,24.Nov.2017,"$186,884.67 ",married,tertiary,yes,no,cellular,8,6,failure,no
Fernando  Rowe,Male,39,California,White Collar,24.Nov.2017,"$82,306.52 ",married,secondary,yes,no,telephone,1448,7,unknown,yes
Isabel  Cross,Female,30,California,White Collar,24.Nov.2017,"$64,991.10 ",divorced,primary,no,no,cellular,344,1,unknown,no
Joey  Wong,Male,53,Nevada,Other,24.Nov.2017,"$55,857.07 ",married,secondary,yes,no,cellular,12,8,failure,no
Drew  Rogers,Female,48,Nevada,Other,24.Nov.2017,"$52,522.34 ",married,secondary,yes,no,unknown,61,1,unknown,no
Sonya  Mullins,Male,60,Nevada,Blue Collar,24.Nov.2017,"$78,718.73 ",married,primary,yes,no,unknown,91,6,unknown,no
Ivan  Adkins,Male,55,Nevada,Other,24.Nov.2017,"$35,865.64 ",married,secondary,yes,no,unknown,162,3,unknown,no
Joey  Wong,Male,59,Nevada,Blue Collar,24.Nov.2017,"$95,835.28 ",divorced,secondary,no,yes,unknown,339,1,unknown,no
Bobbie  Ryan,Male,46,Nevada,Blue Collar,24.Nov.2017,"$148,351.10 ",married,primary,no,no,unknown,113,2,unknown,no
Lorraine  Gibson,Female,28,Wyoming,White Collar,24.Nov.2017,"$45,321.27 ",married,secondary,no,no,cellular,558,1,unknown,yes
Beth  Tucker,Female,35,Wyoming,White Collar,24.Nov.2017,"$5,987.13 ",married,secondary,yes,no,unknown,69,1,unknown,no
Mable  Lindsey,Female,35,Wyoming,White Collar,24.Nov.2017,"$58,775.07 ",married,secondary,yes,yes,cellular,541,1,failure,no
Trevor  Jones,Male,38,California,White Collar,25.Nov.2017,"$45,120.12 ",single,primary,no,no,cellular,429,1,unknown,no
Brooke  Horton,Female,37,California,White Collar,25.Nov.2017,"$76,559.28 ",divorced,secondary,yes,no,unknown,135,2,unknown,no
Nellie  Joseph,Male,24,California,White Collar,25.Nov.2017,"$3,150.03 ",married,secondary,yes,no,cellular,96,1,failure,no
Tracy  Reed,Male,40,California,White Collar,25.Nov.2017,"$99,870.54 ",married,tertiary,yes,no,cellular,68,2,unknown,no
Edwin  Malone,Female,41,California,Blue Collar,25.Nov.2017,"$79,091.04 ",single,secondary,no,no,cellular,529,2,unknown,no
Lula  Daniels,Male,34,California,Blue Collar,25.Nov.2017,"$71,622.57 ",married,tertiary,no,no,cellular,650,2,unknown,no
Ernest  Davis,Female,54,Nevada,White Collar,25.Nov.2017,"$32,764.22 ",married,secondary,yes,no,cellular,69,1,failure,no
Ernest  Davis,Male,43,Nevada,Blue Collar,25.Nov.2017,"$49,602.49 ",married,secondary,yes,yes,cellular,71,7,unknown,no
Cindy  Becker,Male,55,Nevada,Blue Collar,25.Nov.2017,"$89,486.70 ",married,tertiary,yes,no,cellular,30,7,unknown,no
Austin  Reynolds,Male,48,Nevada,Blue Collar,25.Nov.2017,"$41,966.49 ",divorced,tertiary,yes,no,cellular,9,19,unknown,no
Bobbie  Ryan,Female,47,Wyoming,White Collar,25.Nov.2017,"$5,947.73 ",married,secondary,no,no,cellular,331,2,unknown,no
Elaine  Ellis,Male,42,Wyoming,White Collar,25.Nov.2017,"$65,696.22 ",married,primary,yes,no,unknown,66,1,unknown,no
Max  Rodgers,Male,36,Wyoming,Blue Collar,25.Nov.2017,"$133,919.82 ",married,secondary,yes,no,cellular,26,6,unknown,no
Don  Gonzales,Female,36,California,White Collar,26.Nov.2017,"$13,963.45 ",married,primary,yes,no,unknown,266,3,unknown,no
Christy  Olson,Female,22,California,Blue Collar,26.Nov.2017,"$130,596.88 ",married,tertiary,no,no,cellular,168,2,unknown,no
Felicia  Jennings,Male,32,California,White Collar,26.Nov.2017,"$29,559.88 ",single,secondary,no,yes,unknown,316,1,unknown,no
Woodrow  Colon,Male,34,California,White Collar,26.Nov.2017,"$5,545.99 ",married,primary,no,no,telephone,1006,2,unknown,yes
Sandra  Floyd,Female,45,California,Other,26.Nov.2017,"$54,167.18 ",married,primary,yes,no,cellular,77,1,unknown,no
Ivan  Adkins,Female,42,California,White Collar,26.Nov.2017,"$43,474.81 ",single,secondary,no,no,unknown,622,1,unknown,no
Drew  Rogers,Male,35,California,Blue Collar,26.Nov.2017,"$55,709.46 ",married,secondary,yes,no,unknown,494,2,unknown,no
Elaine  Ellis,Female,29,California,Other,26.Nov.2017,"$44,259.01 ",divorced,secondary,no,yes,unknown,269,1,unknown,no
Shari  Silva,Male,44,Nevada,Other,26.Nov.2017,"$42,505.87 ",married,secondary,yes,no,cellular,543,3,failure,no
Rachel  Gomez,Male,47,Nevada,Blue Collar,26.Nov.2017,"$32,440.37 ",married,primary,no,no,cellular,268,6,unknown,no
Salvador  Bass,Male,28,Wyoming,Blue Collar,26.Nov.2017,"$7,194.01 ",married,secondary,no,no,cellular,397,1,unknown,yes
Robert  Munoz,Female,41,Wyoming,White Collar,26.Nov.2017,"$81,636.07 ",divorced,secondary,no,no,cellular,22,4,failure,no
Edwin  Malone,Female,20,Oregon,Other,26.Nov.2017,"$123,280.52 ",divorced,secondary,yes,no,unknown,51,2,unknown,no
Elbert  Klein,Female,39,California,White Collar,27.Nov.2017,"$66,576.21 ",single,tertiary,no,no,cellular,208,1,success,no
Ben  Perez,Female,42,California,White Collar,27.Nov.2017,"$127,902.12 ",married,tertiary,yes,no,cellular,77,3,failure,no
Guillermo  Potter,Female,41,California,White Collar,27.Nov.2017,"$6,681.15 ",single,tertiary,yes,yes,unknown,450,2,unknown,no
Salvador  Bass,Male,42,California,Blue Collar,27.Nov.2017,"$88,297.91 ",single,tertiary,no,no,cellular,201,1,unknown,no
Trevor  Jones,Female,28,California,White Collar,27.Nov.2017,"$42,986.73 ",married,secondary,yes,no,cellular,342,3,other,no
Cassandra  Franklin,Male,25,California,Other,27.Nov.2017,"$112,473.03 ",married,unknown,no,no,cellular,181,2,unknown,no
Eddie  Green,Female,29,California,Other,27.Nov.2017,"$17,518.97 ",single,secondary,yes,no,cellular,294,1,unknown,no
Edwin  Malone,Male,31,California,Blue Collar,27.Nov.2017,"$24,254.60 ",married,unknown,no,no,cellular,123,1,failure,no
Billie  Chandler,Female,34,California,White Collar,27.Nov.2017,"$91,903.00 ",married,secondary,yes,no,cellular,172,1,unknown,no
Ellen  Weaver,Male,20,California,White Collar,27.Nov.2017,"$17,065.07 ",divorced,unknown,yes,no,cellular,1022,1,failure,no
Charlie  Wood,Female,23,California,Other,27.Nov.2017,"$8,109.30 ",single,secondary,yes,no,cellular,123,1,other,no
Cassandra  Franklin,Female,41,California,White Collar,27.Nov.2017,"$64,049.39 ",married,secondary,yes,no,unknown,420,1,unknown,no
Tiffany  May,Male,47,California,White Collar,27.Nov.2017,"$9,896.58 ",married,unknown,yes,no,cellular,119,2,failure,no
Herman  Williams,Male,47,California,Other,27.Nov.2017,"$34,883.43 ",married,secondary,yes,no,cellular,153,1,unknown,no
Drew  Rogers,Male,32,California,White Collar,27.Nov.2017,"$38,182.40 ",single,secondary,yes,no,cellular,85,2,unknown,no
Andrew  Meyer,Female,54,California,White Collar,27.Nov.2017,"$32,227.73 ",single,tertiary,no,no,cellular,260,3,success,yes
Jenny  Garcia,Male,29,California,White Collar,27.Nov.2017,"$21,173.51 ",married,secondary,yes,no,unknown,528,1,unknown,no
Pauline  Beck,Female,35,California,White Collar,27.Nov.2017,"$8,361.64 ",single,tertiary,yes,no,unknown,361,1,unknown,no
Isabel  Cross,Female,33,California,Blue Collar,27.Nov.2017,"$59,977.69 ",married,secondary,yes,yes,cellular,59,4,unknown,no
Drew  Rogers,Female,35,California,Other,27.Nov.2017,"$81,627.82 ",divorced,secondary,yes,no,unknown,86,7,unknown,no
Dan  Peterson,Male,42,California,Blue Collar,27.Nov.2017,"$106,580.22 ",married,primary,yes,yes,cellular,139,1,unknown,no
Herman  Williams,Male,33,California,White Collar,27.Nov.2017,"$31,975.33 ",married,unknown,yes,no,unknown,219,4,unknown,no
Sonya  Mullins,Male,38,California,White Collar,27.Nov.2017,"$20,669.79 ",married,secondary,yes,no,telephone,45,2,unknown,no
Kyle  Carr,Male,25,California,Blue Collar,27.Nov.2017,"$36,366.22 ",married,tertiary,yes,no,unknown,168,4,unknown,no
Trevor  Jones,Male,33,California,Other,27.Nov.2017,"$11,516.24 ",married,secondary,no,no,cellular,268,1,other,yes
Shari  Silva,Male,44,California,White Collar,27.Nov.2017,"$46,362.01 ",married,secondary,yes,no,unknown,210,2,unknown,no
Robert  Munoz,Female,30,California,White Collar,27.Nov.2017,$414.96 ,married,secondary,yes,no,unknown,160,1,unknown,no
Patty  Thompson,Male,41,California,White Collar,27.Nov.2017,"$16,572.94 ",married,secondary,yes,no,unknown,1044,2,unknown,no
Guillermo  Potter,Female,44,Nevada,Other,27.Nov.2017,"$88,657.60 ",married,secondary,no,yes,cellular,601,1,unknown,no
Iris  Underwood,Male,52,Nevada,Other,27.Nov.2017,"$72,539.52 ",married,tertiary,yes,no,unknown,89,1,unknown,no
Peter  Hodges,Female,47,Nevada,Other,27.Nov.2017,"$145,021.55 ",married,tertiary,no,yes,cellular,491,2,unknown,no
Brooke  Horton,Male,47,Nevada,Blue Collar,27.Nov.2017,"$34,246.34 ",single,tertiary,yes,no,unknown,139,1,unknown,no
Robert  Munoz,Female,61,Nevada,Blue Collar,27.Nov.2017,"$2,102.28 ",single,tertiary,no,no,unknown,267,3,unknown,no
Eric  Rose,Male,49,Nevada,Blue Collar,27.Nov.2017,"$15,394.75 ",married,tertiary,no,yes,cellular,88,3,unknown,no
Ruben  Nunez,Male,63,Nevada,Blue Collar,27.Nov.2017,"$54,340.61 ",single,tertiary,yes,no,cellular,134,1,unknown,no
Isabel  Cross,Male,32,Nevada,Blue Collar,27.Nov.2017,"$32,020.55 ",married,secondary,yes,no,unknown,126,2,unknown,no
Iris  Underwood,Male,61,Nevada,Blue Collar,27.Nov.2017,"$30,754.06 ",single,secondary,yes,yes,cellular,191,1,unknown,no
Fernando  Rowe,Male,30,Wyoming,White Collar,27.Nov.2017,"$10,520.40 ",divorced,tertiary,yes,no,cellular,267,4,other,no
Edwin  Malone,Male,18,Wyoming,Blue Collar,27.Nov.2017,"$115,941.81 ",single,tertiary,yes,no,telephone,5,3,failure,no
Brooke  Horton,Male,31,Wyoming,Blue Collar,27.Nov.2017,"$21,827.22 ",single,primary,no,no,unknown,560,2,unknown,no
Tiffany  May,Male,46,Wyoming,Other,27.Nov.2017,"$57,402.70 ",married,tertiary,yes,no,cellular,138,8,unknown,no
Rachel  Gomez,Female,39,Wyoming,White Collar,27.Nov.2017,"$72,407.79 ",married,tertiary,no,no,cellular,188,4,unknown,no
Beth  Tucker,Male,44,Wyoming,White Collar,27.Nov.2017,"$39,554.37 ",married,secondary,yes,yes,cellular,262,2,failure,no
Christy  Olson,Female,33,Wyoming,White Collar,27.Nov.2017,"$106,463.82 ",single,tertiary,no,no,cellular,836,3,unknown,yes
Cassandra  Franklin,Female,19,Oregon,Other,27.Nov.2017,"$3,258.49 ",single,secondary,no,no,cellular,150,4,unknown,no
Lynette  Brewer,Female,35,California,White Collar,28.Nov.2017,"$21,648.01 ",single,secondary,yes,no,cellular,44,2,unknown,no
Fernando  Rowe,Male,42,California,White Collar,28.Nov.2017,"$65,105.84 ",single,tertiary,no,yes,cellular,11,17,unknown,no
Willie  Vega,Female,37,California,Other,28.Nov.2017,"$39,518.45 ",divorced,tertiary,yes,no,telephone,123,1,unknown,no
Della  Jensen,Female,32,California,White Collar,28.Nov.2017,"$38,945.12 ",married,secondary,yes,yes,unknown,150,2,unknown,no
Shari  Silva,Female,50,California,White Collar,28.Nov.2017,"$39,222.94 ",married,secondary,no,yes,cellular,255,2,other,no
Johanna  Boone,Male,25,California,Other,28.Nov.2017,"$122,119.27 ",single,tertiary,no,no,cellular,92,5,unknown,no
Rachel  Gomez,Female,25,California,White Collar,28.Nov.2017,"$66,029.54 ",married,primary,yes,no,cellular,112,7,unknown,no
Elbert  Klein,Male,32,California,White Collar,28.Nov.2017,"$78,650.67 ",married,tertiary,no,no,unknown,554,1,unknown,yes
Ruben  Nunez,Female,50,Nevada,White Collar,28.Nov.2017,"$58,895.12 ",married,primary,no,no,cellular,109,2,unknown,no
Donna  Reid,Female,33,Nevada,White Collar,28.Nov.2017,$629.78 ,married,secondary,no,no,cellular,781,1,unknown,yes
Blake  Bridges,Male,53,Nevada,Other,28.Nov.2017,"$79,632.46 ",single,tertiary,no,no,cellular,116,1,unknown,no
Colleen  Warren,Male,51,Nevada,Other,28.Nov.2017,"$48,823.54 ",married,primary,yes,no,cellular,363,1,other,no
Salvador  Bass,Male,61,Nevada,Blue Collar,28.Nov.2017,"$63,972.27 ",married,secondary,no,no,cellular,82,2,unknown,no
Robert  Munoz,Female,28,Wyoming,White Collar,28.Nov.2017,"$5,754.13 ",married,tertiary,no,no,cellular,167,3,unknown,no
Ruben  Nunez,Female,29,Wyoming,Blue Collar,28.Nov.2017,"$34,401.15 ",married,primary,yes,no,cellular,220,1,failure,no
Woodrow  Colon,Female,24,Wyoming,Blue Collar,28.Nov.2017,"$28,145.82 ",single,tertiary,yes,no,cellular,546,1,unknown,no
Salvador  Bass,Female,40,Wyoming,White Collar,28.Nov.2017,"$62,794.24 ",single,secondary,no,no,cellular,1124,2,unknown,yes
Lynette  Brewer,Female,35,Wyoming,White Collar,28.Nov.2017,"$138,489.04 ",married,secondary,yes,no,unknown,141,1,unknown,no
Lee  Mack,Female,33,California,White Collar,29.Nov.2017,"$18,442.73 ",married,secondary,no,no,cellular,188,1,other,no
Iris  Underwood,Male,31,California,White Collar,29.Nov.2017,"$26,046.58 ",single,tertiary,yes,no,cellular,107,4,failure,no
Jenny  Garcia,Female,36,California,Other,29.Nov.2017,"$46,830.42 ",married,secondary,yes,no,unknown,320,4,unknown,no
Colleen  Warren,Female,24,California,Other,29.Nov.2017,"$80,922.09 ",married,secondary,yes,no,cellular,244,3,unknown,no
Lance  Yates,Female,32,California,White Collar,29.Nov.2017,"$107,560.46 ",single,secondary,yes,no,cellular,319,2,unknown,no
Della  Jensen,Male,54,Nevada,Other,29.Nov.2017,"$107,365.39 ",married,unknown,no,no,unknown,147,2,unknown,no
Bernadette  Page,Male,61,Nevada,Blue Collar,29.Nov.2017,"$35,087.54 ",married,secondary,no,no,cellular,114,6,other,no
Sonya  Mullins,Male,42,Nevada,Blue Collar,29.Nov.2017,"$44,238.70 ",married,secondary,yes,yes,cellular,400,2,unknown,no
Cecilia  Manning,Male,34,Wyoming,Other,29.Nov.2017,"$64,955.09 ",married,secondary,yes,yes,cellular,79,3,unknown,no
Lee  Mack,Female,21,Oregon,Blue Collar,29.Nov.2017,"$77,036.75 ",married,primary,no,no,unknown,29,4,unknown,no
Paulette  Spencer,Male,25,California,White Collar,30.Nov.2017,"$115,855.81 ",married,secondary,yes,no,cellular,97,2,unknown,no
Austin  Reynolds,Female,36,California,White Collar,30.Nov.2017,"$75,382.63 ",divorced,secondary,yes,no,unknown,187,5,unknown,no
Elvira  Bowman,Female,18,California,White Collar,30.Nov.2017,"$139,705.75 ",married,secondary,no,no,unknown,201,1,unknown,no
Don  Gonzales,Female,34,California,White Collar,30.Nov.2017,"$8,762.49 ",married,secondary,no,no,cellular,280,1,failure,no
Ernest  Davis,Male,31,California,White Collar,30.Nov.2017,"$7,727.76 ",married,tertiary,no,no,unknown,150,1,unknown,no
Salvador  Bass,Female,39,California,White Collar,30.Nov.2017,"$60,527.88 ",divorced,secondary,no,no,cellular,129,1,unknown,no
Sandra  Floyd,Male,35,California,White Collar,30.Nov.2017,"$271,164.18 ",single,secondary,no,no,cellular,516,1,unknown,no
Edwin  Malone,Male,36,California,White Collar,30.Nov.2017,"$45,171.19 ",married,primary,yes,no,unknown,127,2,unknown,no
Salvador  Bass,Male,40,California,Blue Collar,30.Nov.2017,"$46,199.87 ",single,primary,no,no,unknown,174,2,unknown,no
Fernando  Rowe,Female,36,California,Other,30.Nov.2017,"$105,497.55 ",married,secondary,yes,no,cellular,82,5,unknown,no
Ben  Perez,Female,32,California,White Collar,30.Nov.2017,"$146,334.06 ",single,secondary,yes,no,unknown,1516,2,unknown,no
Rachel  Gomez,Female,39,California,White Collar,30.Nov.2017,"$167,163.24 ",divorced,secondary,yes,no,unknown,204,1,unknown,no
Ben  Perez,Male,38,California,Blue Collar,30.Nov.2017,"$29,963.88 ",divorced,secondary,no,yes,unknown,109,1,unknown,no
Allan  Ramos,Female,24,California,White Collar,30.Nov.2017,"$146,037.85 ",married,secondary,no,no,cellular,378,1,unknown,no
Shari  Silva,Female,45,California,White Collar,30.Nov.2017,"$62,550.37 ",single,tertiary,yes,no,unknown,152,11,unknown,no
Isabel  Cross,Female,55,Nevada,White Collar,30.Nov.2017,"$101,307.39 ",married,secondary,no,no,cellular,185,1,unknown,yes
Donna  Reid,Male,51,Nevada,Other,30.Nov.2017,"$6,824.28 ",single,primary,yes,no,cellular,317,1,unknown,no
Allan  Ramos,Female,56,Nevada,Other,30.Nov.2017,"$6,134.39 ",married,secondary,yes,no,unknown,27,1,unknown,no
Marian  Hill,Male,44,Nevada,White Collar,30.Nov.2017,"$58,165.43 ",single,secondary,no,no,cellular,205,6,unknown,no
Salvador  Bass,Male,49,Nevada,Other,30.Nov.2017,"$106,427.34 ",married,secondary,yes,no,telephone,46,1,failure,no
Cindy  Becker,Female,58,Nevada,Other,30.Nov.2017,"$115,677.13 ",married,secondary,no,no,cellular,978,2,other,no
Tiffany  May,Female,42,Wyoming,White Collar,30.Nov.2017,"$25,654.78 ",single,secondary,yes,yes,cellular,45,5,unknown,no
Blake  Bridges,Female,44,Wyoming,Other,30.Nov.2017,"$66,792.57 ",married,secondary,yes,no,unknown,145,6,unknown,no
Mable  Lindsey,Female,31,Wyoming,White Collar,30.Nov.2017,"$9,032.13 ",divorced,secondary,yes,no,cellular,138,1,unknown,no
Salvador  Bass,Male,41,Wyoming,Blue Collar,30.Nov.2017,$114.13 ,divorced,tertiary,yes,no,unknown,720,2,unknown,no
Brooke  Horton,Female,37,Wyoming,White Collar,30.Nov.2017,"$37,160.39 ",divorced,secondary,no,yes,unknown,362,1,unknown,no
Peter  Hodges,Female,41,Wyoming,White Collar,30.Nov.2017,"$17,360.43 ",married,primary,yes,no,cellular,90,6,unknown,no
Andrew  Meyer,Female,20,Wyoming,White Collar,30.Nov.2017,"$102,340.63 ",single,secondary,yes,yes,unknown,214,1,unknown,no
Brooke  Horton,Female,34,Oregon,Blue Collar,30.Nov.2017,"$22,779.82 ",married,primary,yes,no,cellular,142,3,failure,no
Donna  Reid,Female,42,California,White Collar,01.Dec.2017,"$67,575.84 ",married,secondary,yes,no,unknown,241,3,unknown,no
Eddie  Green,Male,45,California,White Collar,01.Dec.2017,"$59,999.42 ",married,tertiary,yes,yes,telephone,148,6,unknown,no
Trevor  Jones,Female,33,California,White Collar,01.Dec.2017,"$18,725.67 ",married,secondary,no,no,unknown,227,6,unknown,no
Nellie  Joseph,Female,42,Nevada,Other,01.Dec.2017,"$13,451.12 ",single,secondary,no,no,cellular,126,2,unknown,no
Lynette  Brewer,Female,46,Nevada,Other,01.Dec.2017,"$41,619.73 ",married,secondary,yes,no,unknown,410,1,unknown,no
Allan  Ramos,Male,43,Nevada,Blue Collar,01.Dec.2017,"$80,206.36 ",married,unknown,yes,no,cellular,243,2,unknown,no
Herman  Williams,Female,24,Wyoming,White Collar,01.Dec.2017,"$26,341.09 ",married,primary,yes,no,unknown,171,2,unknown,no
Ivan  Adkins,Male,44,Wyoming,White Collar,01.Dec.2017,"$154,333.40 ",single,tertiary,yes,no,unknown,147,1,unknown,no
Guillermo  Potter,Female,28,California,White Collar,02.Dec.2017,"$155,267.61 ",married,secondary,yes,no,unknown,91,1,unknown,no
Bernadette  Page,Female,34,California,White Collar,02.Dec.2017,"$89,657.88 ",married,secondary,yes,no,cellular,332,1,failure,no
Ernest  Davis,Female,42,California,White Collar,02.Dec.2017,"$36,567.18 ",married,secondary,yes,no,cellular,471,2,unknown,no
Trevor  Jones,Female,33,California,White Collar,02.Dec.2017,"$30,621.21 ",married,tertiary,no,no,telephone,364,1,other,no
Charlie  Wood,Male,21,California,White Collar,02.Dec.2017,"$52,323.85 ",married,secondary,yes,yes,cellular,98,1,failure,no
Isabel  Cross,Female,40,California,White Collar,02.Dec.2017,"$71,788.09 ",single,tertiary,yes,yes,cellular,117,2,unknown,no
Lee  Mack,Female,44,California,Other,02.Dec.2017,"$16,598.46 ",married,primary,no,no,telephone,185,4,unknown,no
Ruben  Nunez,Female,44,California,Other,02.Dec.2017,"$106,436.58 ",married,unknown,yes,no,telephone,59,3,other,no
Shari  Silva,Male,33,California,White Collar,02.Dec.2017,"$11,331.54 ",married,tertiary,no,no,cellular,147,3,unknown,no
Colleen  Warren,Male,29,California,Blue Collar,02.Dec.2017,"$62,533.55 ",married,secondary,yes,yes,unknown,553,2,unknown,no
Willie  Vega,Male,37,California,Blue Collar,02.Dec.2017,"$34,378.28 ",single,tertiary,no,no,cellular,275,1,unknown,no
Rachel  Gomez,Male,57,Nevada,Other,02.Dec.2017,"$130,370.15 ",married,tertiary,no,no,telephone,239,4,unknown,yes
Eddie  Green,Female,53,Nevada,White Collar,02.Dec.2017,"$12,406.43 ",married,secondary,yes,no,unknown,402,9,unknown,no
Bethany  Pena,Male,48,Nevada,Blue Collar,02.Dec.2017,"$8,511.64 ",single,tertiary,yes,yes,cellular,172,1,failure,no
Sonya  Mullins,Male,54,Nevada,Other,02.Dec.2017,"$51,735.84 ",married,primary,no,no,cellular,195,2,unknown,no
Billie  Chandler,Male,43,Nevada,Blue Collar,02.Dec.2017,"$45,097.19 ",married,primary,no,no,telephone,68,12,unknown,no
Elaine  Ellis,Female,30,Wyoming,Blue Collar,02.Dec.2017,$142.19 ,single,tertiary,no,yes,cellular,82,3,unknown,no
Christy  Olson,Female,36,California,White Collar,03.Dec.2017,$931.46 ,married,secondary,yes,no,unknown,57,6,unknown,no
Paulette  Spencer,Female,34,California,Other,03.Dec.2017,"$58,268.27 ",divorced,secondary,no,no,cellular,495,1,success,yes
Charlie  Wood,Male,29,California,White Collar,03.Dec.2017,"$202,305.37 ",single,tertiary,yes,no,cellular,479,1,unknown,no
Ruben  Nunez,Male,34,California,Other,03.Dec.2017,"$199,447.03 ",married,secondary,no,no,cellular,141,2,unknown,no
Christina  Fuller,Female,49,California,White Collar,03.Dec.2017,"$108,376.94 ",married,tertiary,no,no,cellular,82,4,unknown,no
Sonya  Mullins,Female,48,California,White Collar,03.Dec.2017,"$52,849.79 ",divorced,tertiary,yes,no,cellular,798,1,other,yes
Woodrow  Colon,Female,29,California,White Collar,03.Dec.2017,"$79,975.64 ",single,secondary,no,yes,cellular,232,1,unknown,no
Nellie  Joseph,Male,31,California,White Collar,03.Dec.2017,"$1,371.58 ",married,tertiary,no,no,cellular,60,5,unknown,no
Lorraine  Gibson,Female,41,California,White Collar,03.Dec.2017,"$181,479.04 ",married,tertiary,yes,no,unknown,103,3,unknown,no
Sylvester  Morales,Male,29,California,White Collar,03.Dec.2017,"$75,548.96 ",married,tertiary,no,yes,cellular,443,1,unknown,no
Andrew  Meyer,Female,42,California,Blue Collar,03.Dec.2017,"$50,771.55 ",married,secondary,yes,no,unknown,400,2,unknown,no
Charlie  Wood,Female,40,California,White Collar,03.Dec.2017,"$27,967.43 ",married,secondary,no,no,unknown,132,1,unknown,no
Herman  Williams,Male,18,California,Other,03.Dec.2017,"$27,210.33 ",divorced,secondary,yes,yes,cellular,374,16,unknown,no
Elbert  Klein,Female,40,California,White Collar,03.Dec.2017,"$70,560.66 ",married,secondary,no,no,cellular,363,7,unknown,yes
Shari  Silva,Male,33,California,Blue Collar,03.Dec.2017,"$73,076.16 ",single,tertiary,no,no,cellular,111,2,unknown,no
Mable  Lindsey,Female,32,California,White Collar,03.Dec.2017,"$47,961.28 ",single,tertiary,no,no,cellular,130,4,unknown,no
Jenny  Garcia,Male,31,California,Other,03.Dec.2017,"$77,243.42 ",married,unknown,no,no,telephone,308,3,unknown,no
Andrew  Meyer,Male,25,California,Blue Collar,03.Dec.2017,"$3,052.28 ",married,secondary,yes,no,unknown,116,1,unknown,no
Drew  Rogers,Male,34,California,White Collar,03.Dec.2017,"$64,730.93 ",single,tertiary,no,no,cellular,160,2,unknown,no
Tiffany  May,Male,33,California,White Collar,03.Dec.2017,"$13,678.88 ",divorced,primary,yes,no,unknown,205,3,unknown,no
Cassandra  Franklin,Female,28,California,White Collar,03.Dec.2017,"$55,002.45 ",married,tertiary,yes,no,cellular,185,2,unknown,no
Isabel  Cross,Female,25,California,White Collar,03.Dec.2017,"$84,482.19 ",married,secondary,yes,no,cellular,61,2,failure,no
Brooke  Horton,Female,28,California,Blue Collar,03.Dec.2017,"$47,578.69 ",married,secondary,no,no,telephone,159,2,success,no
Trevor  Jones,Male,51,Nevada,Blue Collar,03.Dec.2017,"$12,151.03 ",single,tertiary,yes,no,cellular,213,1,failure,no
Ruben  Nunez,Male,52,Nevada,White Collar,03.Dec.2017,"$157,925.07 ",married,tertiary,yes,no,unknown,294,15,unknown,no
Rachel  Gomez,Male,47,Nevada,Blue Collar,03.Dec.2017,"$8,238.36 ",married,secondary,yes,no,cellular,140,3,unknown,no
Ellen  Weaver,Male,42,Nevada,Other,03.Dec.2017,"$53,279.18 ",married,secondary,yes,yes,cellular,71,1,other,no
Lance  Yates,Male,54,Nevada,Blue Collar,03.Dec.2017,"$2,197.88 ",married,secondary,no,yes,cellular,47,7,unknown,no
Andrew  Meyer,Female,52,Nevada,Other,03.Dec.2017,"$92,389.00 ",single,secondary,yes,no,cellular,570,2,unknown,no
Patty  Thompson,Female,53,Nevada,Other,03.Dec.2017,"$54,835.85 ",married,secondary,yes,no,cellular,287,2,unknown,no
Della  Jensen,Female,41,Nevada,Other,03.Dec.2017,"$15,630.39 ",divorced,secondary,yes,no,cellular,130,1,failure,yes
Blake  Bridges,Female,32,Nevada,Other,03.Dec.2017,"$56,596.79 ",divorced,tertiary,yes,no,cellular,201,1,other,no
Charlie  Wood,Male,27,Nevada,Blue Collar,03.Dec.2017,"$109,489.72 ",single,tertiary,no,no,cellular,11,7,unknown,no
Woodrow  Colon,Male,46,Nevada,Blue Collar,03.Dec.2017,"$92,246.82 ",married,tertiary,yes,no,cellular,70,5,other,no
Paulette  Spencer,Female,47,Nevada,Other,03.Dec.2017,"$51,328.82 ",divorced,tertiary,no,no,cellular,54,2,unknown,no
Tiffany  May,Male,50,Nevada,White Collar,03.Dec.2017,"$45,023.88 ",married,secondary,yes,no,unknown,22,16,unknown,no
Cindy  Becker,Female,18,Wyoming,White Collar,03.Dec.2017,"$8,293.03 ",single,secondary,no,no,cellular,103,3,unknown,no
Carla  Mccormick,Male,38,Wyoming,Blue Collar,03.Dec.2017,"$72,878.33 ",single,secondary,yes,no,cellular,104,1,failure,no
Della  Jensen,Male,30,Wyoming,Blue Collar,03.Dec.2017,"$63,919.42 ",married,primary,no,no,telephone,29,2,unknown,no
Isabel  Cross,Female,40,California,Other,04.Dec.2017,"$38,821.63 ",married,unknown,yes,no,unknown,57,2,unknown,no
Drew  Rogers,Male,37,California,White Collar,04.Dec.2017,"$12,953.25 ",divorced,secondary,yes,no,unknown,236,1,unknown,no
Dan  Peterson,Male,39,California,White Collar,04.Dec.2017,"$57,919.28 ",single,tertiary,no,no,cellular,528,3,unknown,yes
Kyle  Carr,Male,57,Nevada,Blue Collar,04.Dec.2017,"$7,524.67 ",single,secondary,yes,no,cellular,68,2,unknown,no
Dan  Peterson,Male,37,Nevada,Other,04.Dec.2017,"$91,057.67 ",married,primary,no,no,telephone,876,1,unknown,yes
Brooke  Horton,Male,35,Nevada,Blue Collar,04.Dec.2017,"$55,283.76 ",married,tertiary,no,no,cellular,76,1,unknown,no
Herman  Williams,Male,50,Nevada,Other,04.Dec.2017,"$117,898.40 ",married,secondary,yes,no,unknown,99,1,unknown,no
Christina  Fuller,Male,57,Nevada,Blue Collar,04.Dec.2017,"$68,745.22 ",married,secondary,yes,no,cellular,122,3,failure,no
Felicia  Jennings,Female,41,Nevada,White Collar,04.Dec.2017,"$7,211.99 ",married,primary,no,yes,cellular,141,1,unknown,no
Patty  Thompson,Male,56,Nevada,Other,04.Dec.2017,"$10,278.13 ",married,secondary,yes,yes,unknown,58,2,unknown,no
Nellie  Joseph,Male,40,Nevada,Blue Collar,04.Dec.2017,"$65,080.31 ",single,tertiary,no,no,cellular,78,3,unknown,no
Tracy  Reed,Female,51,Nevada,Other,04.Dec.2017,"$87,584.46 ",single,secondary,yes,no,unknown,435,3,unknown,no
Brooke  Horton,Female,44,Wyoming,Other,04.Dec.2017,"$59,679.27 ",married,secondary,no,no,cellular,123,2,failure,no
Brooke  Horton,Female,40,California,White Collar,05.Dec.2017,"$47,970.64 ",married,primary,no,yes,telephone,210,3,unknown,no
Joey  Wong,Female,35,California,White Collar,05.Dec.2017,"$34,682.52 ",single,primary,yes,no,unknown,54,2,unknown,no
Donna  Reid,Female,36,California,White Collar,05.Dec.2017,"$34,404.64 ",married,secondary,yes,no,unknown,138,4,unknown,no
Woodrow  Colon,Male,34,California,White Collar,05.Dec.2017,"$35,438.18 ",married,secondary,no,no,cellular,336,7,unknown,no
Salvador  Bass,Female,32,California,Other,05.Dec.2017,"$67,086.73 ",married,secondary,yes,no,cellular,249,1,unknown,yes
Johanna  Boone,Female,40,California,Other,05.Dec.2017,"$130,199.55 ",married,secondary,no,no,unknown,63,1,unknown,no
Cassandra  Franklin,Female,36,California,White Collar,05.Dec.2017,"$62,486.87 ",married,secondary,yes,no,unknown,257,1,unknown,no
Eric  Rose,Male,20,California,White Collar,05.Dec.2017,"$77,774.52 ",married,tertiary,no,no,cellular,875,2,unknown,yes
Cindy  Becker,Male,34,California,White Collar,05.Dec.2017,$374.15 ,married,tertiary,yes,yes,unknown,191,2,unknown,no
Christina  Fuller,Male,37,Nevada,Blue Collar,05.Dec.2017,"$18,655.69 ",divorced,tertiary,no,no,cellular,481,2,unknown,yes
Woodrow  Colon,Female,42,Nevada,Other,05.Dec.2017,"$120,681.46 ",single,secondary,yes,no,cellular,120,2,unknown,no
Paulette  Spencer,Male,30,Nevada,White Collar,05.Dec.2017,"$46,612.00 ",married,secondary,yes,yes,cellular,207,1,unknown,no
Rachel  Gomez,Male,48,Nevada,Blue Collar,05.Dec.2017,"$17,704.21 ",married,tertiary,no,no,telephone,303,2,unknown,no
Christy  Olson,Male,38,Nevada,Other,05.Dec.2017,"$72,802.72 ",single,tertiary,no,no,cellular,93,2,unknown,no
Ellen  Weaver,Female,58,Nevada,White Collar,05.Dec.2017,"$32,870.16 ",married,primary,no,no,cellular,128,1,unknown,no
Brooke  Horton,Male,48,Nevada,Other,05.Dec.2017,"$32,438.30 ",single,tertiary,no,yes,cellular,194,2,unknown,no
Mable  Lindsey,Female,46,Nevada,Other,05.Dec.2017,"$34,099.07 ",married,secondary,yes,yes,unknown,408,2,unknown,no
Salvador  Bass,Male,48,Nevada,White Collar,05.Dec.2017,"$121,686.99 ",married,secondary,yes,no,cellular,5,3,unknown,no
Rachel  Gomez,Female,41,Nevada,Other,05.Dec.2017,"$13,297.87 ",married,unknown,yes,no,cellular,231,2,unknown,no
Donna  Reid,Female,42,Wyoming,White Collar,05.Dec.2017,"$41,029.60 ",divorced,secondary,yes,no,unknown,20,3,unknown,no
Peter  Hodges,Male,31,California,Other,06.Dec.2017,"$30,988.97 ",married,tertiary,yes,no,cellular,218,3,other,no
Pauline  Beck,Female,40,California,Other,06.Dec.2017,"$109,218.97 ",married,tertiary,no,no,unknown,36,2,unknown,no
Della  Jensen,Female,32,California,White Collar,06.Dec.2017,"$75,046.66 ",married,secondary,no,no,cellular,136,8,unknown,no
Nellie  Joseph,Female,22,California,Blue Collar,06.Dec.2017,"$56,575.39 ",married,secondary,no,no,cellular,336,1,unknown,no
Elvira  Bowman,Female,40,California,White Collar,06.Dec.2017,"$75,598.04 ",divorced,primary,no,yes,cellular,192,1,unknown,no
Edwin  Malone,Male,26,California,Blue Collar,06.Dec.2017,"$24,575.48 ",married,tertiary,no,no,cellular,141,1,failure,no
Shari  Silva,Female,27,California,White Collar,06.Dec.2017,"$20,676.84 ",married,primary,yes,yes,unknown,65,2,unknown,no
Joey  Wong,Male,33,California,Blue Collar,06.Dec.2017,"$53,734.49 ",married,tertiary,yes,no,cellular,203,2,other,no
Christina  Fuller,Female,35,Nevada,Other,06.Dec.2017,"$8,801.39 ",married,tertiary,no,no,cellular,104,9,unknown,no
Mable  Lindsey,Male,48,Nevada,Blue Collar,06.Dec.2017,"$74,959.75 ",married,secondary,yes,no,unknown,230,1,unknown,no
Della  Jensen,Male,61,Nevada,Blue Collar,06.Dec.2017,"$16,778.43 ",divorced,tertiary,no,no,cellular,71,1,unknown,no
Bethany  Pena,Male,51,Nevada,Blue Collar,06.Dec.2017,"$75,917.55 ",married,tertiary,yes,no,unknown,205,2,unknown,no
Sonya  Mullins,Male,49,Nevada,Blue Collar,06.Dec.2017,"$1,519.34 ",married,tertiary,yes,no,unknown,162,1,unknown,no
Kyle  Carr,Male,48,Nevada,Other,06.Dec.2017,"$97,812.03 ",married,tertiary,yes,no,unknown,145,2,unknown,no
Lula  Daniels,Female,36,California,White Collar,07.Dec.2017,"$13,346.21 ",single,tertiary,yes,no,unknown,220,2,unknown,no
Christina  Fuller,Male,51,California,White Collar,07.Dec.2017,"$54,658.81 ",married,secondary,yes,no,telephone,309,3,failure,no
Lynette  Brewer,Female,31,California,White Collar,07.Dec.2017,"$122,948.43 ",married,secondary,yes,yes,unknown,421,3,unknown,no
Sandra  Floyd,Female,35,California,White Collar,07.Dec.2017,"$13,575.79 ",married,secondary,no,no,cellular,261,1,success,yes
Eddie  Green,Male,28,California,White Collar,07.Dec.2017,"$28,264.49 ",married,tertiary,no,no,cellular,132,2,unknown,no
Shari  Silva,Female,40,California,Blue Collar,07.Dec.2017,"$170,324.69 ",single,secondary,no,no,cellular,273,1,other,no
Sandra  Floyd,Female,34,California,Blue Collar,07.Dec.2017,"$83,138.96 ",married,unknown,no,no,cellular,349,2,success,yes
Mable  Lindsey,Male,39,California,White Collar,07.Dec.2017,"$20,930.69 ",married,tertiary,no,no,unknown,291,3,unknown,no
Marian  Hill,Female,41,California,White Collar,07.Dec.2017,"$123,674.42 ",married,secondary,yes,no,cellular,83,6,unknown,no
Tracy  Reed,Male,31,California,White Collar,07.Dec.2017,"$15,292.75 ",married,secondary,yes,no,unknown,793,2,unknown,no
Marion  Glover,Male,42,California,White Collar,07.Dec.2017,"$106,296.13 ",single,primary,yes,no,cellular,119,1,success,no
Billie  Chandler,Female,36,California,Blue Collar,07.Dec.2017,"$108,548.25 ",married,secondary,yes,yes,unknown,312,1,unknown,no
Trevor  Jones,Male,31,California,White Collar,07.Dec.2017,"$36,677.39 ",single,secondary,no,no,unknown,103,6,unknown,no
Don  Gonzales,Female,37,California,White Collar,07.Dec.2017,"$47,942.51 ",married,secondary,yes,no,cellular,101,3,unknown,no
Robert  Munoz,Female,33,California,White Collar,07.Dec.2017,"$22,746.60 ",married,primary,no,no,unknown,48,1,unknown,no
Austin  Reynolds,Male,26,California,White Collar,07.Dec.2017,"$42,320.40 ",married,secondary,yes,no,cellular,228,3,unknown,no
Rachel  Gomez,Male,39,California,White Collar,07.Dec.2017,"$23,626.54 ",married,primary,no,no,unknown,81,3,unknown,no
Cassandra  Franklin,Male,33,California,White Collar,07.Dec.2017,"$109,397.09 ",married,secondary,no,no,cellular,152,2,unknown,no
Rachel  Gomez,Male,27,California,Blue Collar,07.Dec.2017,"$21,792.54 ",married,secondary,yes,no,unknown,160,3,unknown,no
Lee  Mack,Male,40,California,White Collar,07.Dec.2017,"$27,193.19 ",married,secondary,yes,no,unknown,59,1,unknown,no
Elbert  Klein,Female,46,Nevada,Other,07.Dec.2017,"$65,231.30 ",married,secondary,yes,no,cellular,297,1,unknown,no
Peter  Hodges,Female,49,Nevada,Other,07.Dec.2017,"$71,289.48 ",married,tertiary,no,no,cellular,147,2,unknown,no
Cassandra  Franklin,Male,60,Nevada,Other,07.Dec.2017,"$96,078.73 ",single,tertiary,no,no,cellular,143,1,unknown,no
Rachel  Gomez,Female,46,Nevada,Other,07.Dec.2017,"$118,803.49 ",married,secondary,yes,no,unknown,75,1,unknown,no
Cassandra  Franklin,Female,57,Nevada,White Collar,07.Dec.2017,"$39,990.28 ",married,secondary,no,no,telephone,338,3,failure,no
Patty  Thompson,Male,39,Nevada,Other,07.Dec.2017,"$111,604.46 ",married,tertiary,no,no,unknown,29,2,unknown,no
Della  Jensen,Male,33,Nevada,Blue Collar,07.Dec.2017,"$68,387.16 ",married,tertiary,yes,no,unknown,159,2,unknown,no
Isabel  Cross,Female,48,Nevada,Other,07.Dec.2017,"$94,760.25 ",divorced,secondary,yes,no,unknown,85,8,unknown,no
Rachel  Gomez,Female,56,Nevada,Blue Collar,07.Dec.2017,"$48,942.45 ",single,secondary,yes,no,cellular,15,7,unknown,no
Ernest  Davis,Female,34,California,White Collar,08.Dec.2017,"$44,158.69 ",divorced,tertiary,no,no,cellular,198,2,other,no
Don  Gonzales,Female,42,California,White Collar,08.Dec.2017,"$49,710.99 ",married,secondary,no,no,unknown,114,2,unknown,no
Sylvester  Morales,Male,36,California,White Collar,08.Dec.2017,"$47,204.55 ",divorced,tertiary,no,no,cellular,1117,2,unknown,no
Edwin  Malone,Male,41,California,White Collar,08.Dec.2017,"$37,183.27 ",single,secondary,no,no,cellular,343,2,unknown,no
Kyle  Carr,Male,45,Nevada,White Collar,08.Dec.2017,"$133,617.85 ",single,tertiary,no,no,cellular,59,2,unknown,no
Peter  Hodges,Female,49,Nevada,Other,08.Dec.2017,"$57,383.45 ",married,secondary,no,no,cellular,31,1,unknown,no
Della  Jensen,Male,48,Nevada,Other,08.Dec.2017,"$65,267.54 ",married,secondary,no,no,cellular,212,2,unknown,no
Isabel  Cross,Male,44,Nevada,Blue Collar,08.Dec.2017,"$97,548.57 ",married,primary,yes,no,unknown,157,6,unknown,no
Brooke  Horton,Male,28,California,Blue Collar,09.Dec.2017,"$10,069.45 ",divorced,secondary,no,yes,cellular,96,1,unknown,no
Charlie  Wood,Female,26,California,White Collar,09.Dec.2017,"$34,174.01 ",married,tertiary,yes,no,unknown,245,2,unknown,no
Don  Gonzales,Female,54,Nevada,Other,09.Dec.2017,"$64,483.04 ",single,tertiary,no,no,cellular,72,4,unknown,no
Eddie  Green,Male,48,Nevada,White Collar,09.Dec.2017,"$106,305.79 ",married,primary,yes,no,cellular,700,1,unknown,no
Cecilia  Manning,Male,43,Nevada,Blue Collar,09.Dec.2017,"$44,450.45 ",married,tertiary,yes,no,cellular,107,1,failure,no
Drew  Rogers,Male,52,Nevada,Other,09.Dec.2017,"$20,331.16 ",married,secondary,yes,no,cellular,312,3,unknown,no
Marian  Hill,Male,30,California,White Collar,10.Dec.2017,"$70,968.79 ",married,secondary,yes,yes,cellular,153,1,other,no
Sonya  Mullins,Male,33,California,White Collar,10.Dec.2017,"$29,985.51 ",married,secondary,no,yes,cellular,55,10,unknown,no
Eric  Rose,Male,21,California,White Collar,10.Dec.2017,"$32,988.27 ",married,secondary,yes,no,telephone,38,3,unknown,no
Elbert  Klein,Female,31,California,White Collar,10.Dec.2017,"$37,330.12 ",married,secondary,no,no,cellular,96,3,unknown,no
Trevor  Jones,Female,43,California,White Collar,10.Dec.2017,"$82,613.72 ",divorced,unknown,yes,no,unknown,397,1,unknown,no
Rachel  Gomez,Male,38,California,White Collar,10.Dec.2017,"$40,750.60 ",married,secondary,no,yes,telephone,208,3,unknown,no
Lance  Yates,Male,48,California,White Collar,10.Dec.2017,"$31,715.37 ",single,unknown,no,no,telephone,122,3,unknown,no
Drew  Rogers,Female,49,California,White Collar,10.Dec.2017,"$51,304.61 ",married,tertiary,yes,yes,cellular,109,1,failure,no
Bernadette  Page,Female,44,California,White Collar,10.Dec.2017,"$73,460.82 ",married,secondary,yes,yes,unknown,74,1,unknown,no
Lula  Daniels,Female,23,California,White Collar,10.Dec.2017,"$66,596.37 ",married,tertiary,yes,no,cellular,72,1,unknown,no
Johanna  Boone,Female,31,California,White Collar,10.Dec.2017,"$138,779.78 ",divorced,tertiary,no,no,cellular,383,2,unknown,no
Cecilia  Manning,Female,40,California,White Collar,10.Dec.2017,"$15,322.33 ",married,secondary,yes,no,unknown,113,3,unknown,no
Cecilia  Manning,Male,31,California,Other,10.Dec.2017,"$82,346.33 ",single,secondary,no,yes,unknown,400,1,unknown,no
Elbert  Klein,Male,35,California,Blue Collar,10.Dec.2017,"$76,131.37 ",married,tertiary,no,no,cellular,387,8,unknown,no
Lee  Mack,Male,34,California,White Collar,10.Dec.2017,"$62,149.09 ",married,primary,yes,no,cellular,59,2,unknown,no
Shari  Silva,Female,26,California,Other,10.Dec.2017,"$6,285.63 ",single,secondary,yes,no,cellular,528,1,failure,no
Blake  Bridges,Male,27,California,White Collar,10.Dec.2017,"$138,222.73 ",single,tertiary,no,no,cellular,1223,6,unknown,yes
Blake  Bridges,Female,31,California,White Collar,10.Dec.2017,"$43,362.66 ",divorced,unknown,yes,no,telephone,38,2,unknown,no
Max  Rodgers,Male,52,Nevada,Blue Collar,10.Dec.2017,"$103,037.36 ",single,secondary,no,no,cellular,1139,2,success,no
Willie  Vega,Male,58,Nevada,Other,10.Dec.2017,"$42,252.49 ",single,primary,yes,no,cellular,286,2,unknown,no
Bernadette  Page,Male,47,Nevada,Other,10.Dec.2017,"$81,412.31 ",single,secondary,yes,yes,cellular,369,2,unknown,no
Ruben  Nunez,Male,40,Nevada,Other,10.Dec.2017,"$14,259.00 ",single,secondary,no,no,cellular,333,5,unknown,no
Eddie  Green,Female,53,Nevada,Other,10.Dec.2017,"$122,182.64 ",single,secondary,yes,no,cellular,198,1,unknown,no
Shari  Silva,Male,51,Nevada,Blue Collar,10.Dec.2017,"$7,488.54 ",married,tertiary,yes,no,cellular,106,8,unknown,no
Drew  Rogers,Male,63,Nevada,Blue Collar,10.Dec.2017,"$54,149.93 ",single,secondary,no,no,cellular,423,1,unknown,no
Salvador  Bass,Female,49,Nevada,Other,10.Dec.2017,"$73,546.28 ",married,tertiary,no,no,cellular,116,4,unknown,no
Shari  Silva,Male,54,Nevada,Blue Collar,10.Dec.2017,"$162,637.72 ",single,secondary,yes,no,unknown,30,1,other,yes
Eddie  Green,Female,42,Wyoming,White Collar,10.Dec.2017,"$14,781.76 ",divorced,secondary,yes,no,cellular,1101,2,unknown,yes
Ivan  Adkins,Female,41,Wyoming,Other,10.Dec.2017,"$29,081.67 ",single,tertiary,no,no,cellular,102,1,failure,no
Shari  Silva,Female,29,Wyoming,White Collar,10.Dec.2017,"$14,134.61 ",married,tertiary,yes,no,cellular,384,6,unknown,no
Sonya  Mullins,Female,38,Wyoming,Other,10.Dec.2017,"$141,450.87 ",single,unknown,no,no,cellular,156,2,failure,no
Salvador  Bass,Female,35,California,White Collar,11.Dec.2017,"$184,113.70 ",divorced,secondary,yes,no,telephone,99,3,unknown,no
Felicia  Jennings,Female,44,California,Other,11.Dec.2017,"$49,051.69 ",single,secondary,no,no,telephone,280,6,other,yes
Dan  Peterson,Male,24,California,Blue Collar,11.Dec.2017,"$184,097.69 ",married,secondary,no,no,telephone,20,2,unknown,no
Andrew  Meyer,Male,20,Nevada,Blue Collar,11.Dec.2017,"$5,544.51 ",single,secondary,yes,no,unknown,258,1,unknown,no
Cindy  Becker,Female,50,Nevada,Other,11.Dec.2017,"$101,197.55 ",single,secondary,no,no,cellular,85,6,unknown,no
Sandra  Floyd,Male,47,Nevada,Blue Collar,11.Dec.2017,"$17,378.54 ",married,secondary,no,no,unknown,355,1,unknown,no
Johanna  Boone,Male,41,Wyoming,White Collar,11.Dec.2017,"$25,610.55 ",married,secondary,yes,no,unknown,66,3,unknown,no
Eric  Rose,Male,46,California,White Collar,12.Dec.2017,"$44,672.04 ",married,secondary,yes,no,cellular,467,1,unknown,no
Ellen  Weaver,Female,41,California,Other,12.Dec.2017,"$27,172.90 ",single,secondary,yes,no,cellular,582,2,failure,no
Andrew  Meyer,Female,42,California,White Collar,12.Dec.2017,"$108,350.79 ",married,secondary,yes,no,cellular,744,1,unknown,yes
Tiffany  May,Female,36,California,White Collar,12.Dec.2017,"$21,706.63 ",single,tertiary,no,no,cellular,185,4,unknown,no
Della  Jensen,Female,36,California,White Collar,12.Dec.2017,"$107,524.09 ",single,secondary,yes,no,cellular,13,5,unknown,no
Pauline  Beck,Female,37,California,White Collar,12.Dec.2017,"$74,009.27 ",single,secondary,yes,no,cellular,98,1,failure,no
Elaine  Ellis,Female,32,California,Blue Collar,12.Dec.2017,"$41,918.40 ",single,primary,yes,no,unknown,127,1,unknown,no
Shari  Silva,Female,24,California,Other,12.Dec.2017,"$26,784.84 ",married,secondary,no,no,unknown,45,2,unknown,no
Marian  Hill,Female,34,California,White Collar,12.Dec.2017,"$115,496.21 ",married,secondary,yes,no,cellular,244,3,unknown,no
Lula  Daniels,Female,54,Nevada,Other,12.Dec.2017,"$51,890.43 ",married,tertiary,no,no,unknown,2769,4,unknown,yes
Christy  Olson,Male,44,Nevada,Blue Collar,12.Dec.2017,"$89,629.24 ",single,tertiary,yes,no,cellular,561,4,failure,no
Ernest  Davis,Male,57,Nevada,Blue Collar,12.Dec.2017,"$116,747.61 ",single,tertiary,no,no,cellular,182,1,unknown,no
Ellen  Weaver,Male,64,Nevada,Blue Collar,12.Dec.2017,"$72,321.63 ",married,secondary,no,no,cellular,618,1,unknown,no
Patty  Thompson,Male,34,Wyoming,White Collar,12.Dec.2017,"$37,996.10 ",married,secondary,yes,yes,unknown,198,3,unknown,no
Elvira  Bowman,Female,39,Wyoming,Other,12.Dec.2017,"$38,766.42 ",divorced,secondary,no,no,cellular,126,6,unknown,no
Johanna  Boone,Female,42,California,White Collar,13.Dec.2017,"$32,965.15 ",married,secondary,yes,yes,cellular,715,1,unknown,no
Della  Jensen,Female,35,California,Other,13.Dec.2017,"$24,599.78 ",divorced,secondary,yes,no,cellular,63,1,unknown,no
Nellie  Joseph,Male,28,California,White Collar,13.Dec.2017,"$59,756.13 ",single,secondary,yes,no,unknown,412,1,unknown,yes
Brooke  Horton,Male,33,California,White Collar,13.Dec.2017,"$80,236.34 ",divorced,tertiary,no,no,cellular,66,1,failure,no
Della  Jensen,Male,36,California,Other,13.Dec.2017,"$20,444.24 ",married,secondary,yes,no,cellular,96,1,unknown,no
Austin  Reynolds,Male,27,California,White Collar,13.Dec.2017,"$116,264.33 ",single,tertiary,no,no,cellular,633,1,success,yes
Shari  Silva,Female,28,California,Blue Collar,13.Dec.2017,"$24,192.75 ",single,tertiary,yes,no,unknown,364,1,unknown,no
Austin  Reynolds,Female,33,California,White Collar,13.Dec.2017,"$89,724.49 ",married,secondary,no,no,unknown,298,3,unknown,no
Shari  Silva,Female,31,California,Blue Collar,13.Dec.2017,"$44,690.06 ",single,secondary,yes,no,cellular,341,1,unknown,no
Robert  Munoz,Male,36,California,White Collar,13.Dec.2017,"$5,415.61 ",married,secondary,yes,no,unknown,364,1,unknown,no
Johanna  Boone,Female,29,California,Blue Collar,13.Dec.2017,"$28,058.60 ",married,tertiary,yes,no,cellular,234,7,failure,no
Fernando  Rowe,Female,53,Nevada,Other,13.Dec.2017,"$70,543.91 ",married,primary,no,no,cellular,639,1,failure,yes
Bobbie  Ryan,Male,52,Nevada,White Collar,13.Dec.2017,"$22,071.31 ",single,tertiary,no,no,cellular,310,4,unknown,no
Willie  Vega,Male,37,Nevada,Blue Collar,13.Dec.2017,"$6,518.99 ",divorced,primary,yes,no,unknown,123,4,unknown,no
Bobbie  Ryan,Male,39,Nevada,Blue Collar,13.Dec.2017,"$56,121.49 ",married,tertiary,no,no,cellular,253,1,unknown,no
Ivan  Adkins,Male,49,Nevada,Other,13.Dec.2017,"$61,011.10 ",married,secondary,yes,no,cellular,96,2,unknown,no
Lynette  Brewer,Male,48,Nevada,Other,13.Dec.2017,"$69,478.40 ",married,tertiary,no,no,cellular,297,1,success,yes
Kyle  Carr,Male,52,Nevada,Blue Collar,13.Dec.2017,"$28,800.84 ",single,secondary,yes,yes,unknown,501,2,unknown,no
Lee  Mack,Male,50,Nevada,Blue Collar,13.Dec.2017,"$30,827.75 ",divorced,primary,yes,no,cellular,67,1,failure,no
Bernadette  Page,Male,48,Nevada,Blue Collar,13.Dec.2017,"$16,468.67 ",married,primary,yes,no,unknown,281,1,unknown,no
Marian  Hill,Male,54,Nevada,Blue Collar,13.Dec.2017,"$40,155.79 ",married,secondary,yes,yes,cellular,475,2,unknown,no
Jenny  Garcia,Female,53,Nevada,Other,13.Dec.2017,"$107,176.81 ",married,primary,no,no,cellular,205,1,unknown,no
Max  Rodgers,Male,47,Nevada,Other,13.Dec.2017,"$55,446.34 ",married,tertiary,yes,no,cellular,272,1,other,no
Cindy  Becker,Female,28,Nevada,Other,13.Dec.2017,"$50,442.61 ",married,secondary,yes,no,cellular,349,1,unknown,no
Isabel  Cross,Male,35,Wyoming,Blue Collar,13.Dec.2017,"$19,011.75 ",married,primary,yes,no,cellular,216,4,failure,no
Cindy  Becker,Female,39,Wyoming,White Collar,13.Dec.2017,"$5,685.79 ",married,secondary,yes,no,cellular,183,1,unknown,no
Robert  Munoz,Male,34,Wyoming,Other,13.Dec.2017,"$23,500.94 ",married,tertiary,yes,no,cellular,130,1,other,no
Lance  Yates,Male,35,Wyoming,Other,13.Dec.2017,"$156,436.15 ",married,primary,yes,yes,unknown,61,6,unknown,no
Dan  Peterson,Female,47,California,White Collar,14.Dec.2017,"$96,583.85 ",single,secondary,yes,no,unknown,92,2,unknown,no
Robert  Munoz,Male,24,California,White Collar,14.Dec.2017,"$38,477.82 ",divorced,tertiary,no,yes,cellular,37,2,unknown,no
Eric  Rose,Female,25,California,Other,14.Dec.2017,"$58,766.81 ",married,secondary,yes,no,cellular,354,2,unknown,no
Sylvester  Morales,Female,39,California,White Collar,14.Dec.2017,"$41,365.09 ",married,tertiary,no,no,cellular,203,1,other,no
Jenny  Garcia,Female,41,California,White Collar,14.Dec.2017,"$1,367.01 ",married,secondary,no,no,unknown,152,1,unknown,no
Arturo  Francis,Female,35,California,White Collar,14.Dec.2017,"$29,636.72 ",married,primary,yes,no,unknown,41,5,unknown,no
Robert  Munoz,Male,28,California,White Collar,14.Dec.2017,"$77,541.31 ",married,secondary,no,no,cellular,20,5,unknown,no
Dan  Peterson,Female,36,California,White Collar,14.Dec.2017,"$187,596.18 ",divorced,tertiary,yes,no,cellular,277,1,success,no
Drew  Rogers,Male,36,California,Blue Collar,14.Dec.2017,"$70,123.07 ",married,secondary,no,no,unknown,83,2,unknown,no
Ellen  Weaver,Male,38,Nevada,Other,14.Dec.2017,"$10,772.84 ",divorced,secondary,yes,no,unknown,531,1,unknown,no
Kyle  Carr,Male,38,Nevada,Other,14.Dec.2017,"$81,831.90 ",married,tertiary,no,no,telephone,91,5,unknown,no
Cassandra  Franklin,Male,48,Nevada,Blue Collar,14.Dec.2017,"$48,375.78 ",divorced,unknown,yes,no,unknown,315,1,unknown,no
Shari  Silva,Male,49,Nevada,Other,14.Dec.2017,"$29,732.69 ",single,tertiary,no,no,cellular,70,9,unknown,no
Sandra  Floyd,Male,57,Nevada,Blue Collar,14.Dec.2017,"$19,189.13 ",married,secondary,yes,no,cellular,384,1,unknown,no
Andrew  Meyer,Male,37,Nevada,Blue Collar,14.Dec.2017,"$13,756.22 ",married,secondary,no,yes,unknown,105,3,unknown,no
Rachel  Gomez,Male,61,Nevada,Blue Collar,14.Dec.2017,"$62,762.85 ",married,secondary,yes,no,unknown,305,2,unknown,no
Max  Rodgers,Male,46,Wyoming,Blue Collar,14.Dec.2017,"$4,479.42 ",single,secondary,yes,no,cellular,158,2,unknown,yes
Marion  Glover,Female,36,Wyoming,White Collar,14.Dec.2017,"$36,985.21 ",divorced,secondary,yes,no,cellular,199,1,failure,no
Willie  Vega,Female,38,Wyoming,White Collar,14.Dec.2017,"$46,110.42 ",married,primary,yes,no,unknown,25,1,unknown,no
Brooke  Horton,Male,31,California,White Collar,15.Dec.2017,"$62,759.55 ",married,unknown,yes,no,unknown,147,1,unknown,no
Della  Jensen,Male,35,California,Other,15.Dec.2017,"$39,891.06 ",single,secondary,yes,no,cellular,538,8,unknown,no
Rachel  Gomez,Male,33,California,White Collar,15.Dec.2017,"$33,504.22 ",married,secondary,no,no,cellular,77,9,unknown,no
Andrew  Meyer,Female,40,California,White Collar,15.Dec.2017,"$45,991.64 ",married,primary,no,no,cellular,94,2,unknown,no
Jenny  Garcia,Female,42,California,White Collar,15.Dec.2017,"$127,174.54 ",married,secondary,yes,no,unknown,1721,2,unknown,yes
Felicia  Jennings,Female,34,California,White Collar,15.Dec.2017,"$214,744.22 ",married,secondary,no,no,cellular,143,1,failure,no
Sonya  Mullins,Female,28,California,Blue Collar,15.Dec.2017,"$20,324.97 ",single,secondary,no,yes,cellular,104,1,unknown,no
Shari  Silva,Male,43,California,White Collar,15.Dec.2017,"$136,521.75 ",divorced,tertiary,yes,no,cellular,587,2,unknown,yes
Della  Jensen,Male,32,California,White Collar,15.Dec.2017,"$94,187.22 ",married,secondary,yes,no,cellular,1608,13,unknown,yes
Andrew  Meyer,Male,33,California,White Collar,15.Dec.2017,"$99,181.57 ",married,tertiary,yes,no,cellular,48,4,unknown,no
Trevor  Jones,Male,34,California,White Collar,15.Dec.2017,"$5,269.18 ",married,tertiary,yes,no,cellular,74,1,unknown,no
Dan  Peterson,Male,24,California,White Collar,15.Dec.2017,"$97,122.30 ",married,secondary,no,no,cellular,427,1,unknown,no
Tiffany  May,Male,57,Nevada,Blue Collar,15.Dec.2017,"$94,070.10 ",married,primary,yes,no,cellular,73,1,unknown,no
Iris  Underwood,Female,42,Nevada,Blue Collar,15.Dec.2017,"$22,652.42 ",married,tertiary,yes,no,unknown,14,21,unknown,no
Trevor  Jones,Male,49,Nevada,Other,15.Dec.2017,"$128,212.94 ",divorced,primary,yes,no,cellular,725,1,unknown,yes
Edwin  Malone,Male,22,Wyoming,White Collar,15.Dec.2017,"$60,698.37 ",married,primary,yes,no,cellular,333,2,unknown,no
Marion  Glover,Male,19,Oregon,Other,15.Dec.2017,"$75,465.66 ",married,tertiary,no,no,cellular,244,6,unknown,no
Salvador  Bass,Male,36,California,White Collar,16.Dec.2017,"$91,083.63 ",single,secondary,yes,yes,telephone,519,1,other,yes
Colleen  Warren,Female,26,California,White Collar,16.Dec.2017,"$5,929.93 ",single,secondary,yes,no,cellular,242,7,unknown,no
Max  Rodgers,Female,35,California,White Collar,16.Dec.2017,"$42,011.84 ",single,secondary,yes,no,cellular,222,1,unknown,no
Jaime  Pearson,Female,37,California,Blue Collar,16.Dec.2017,"$91,250.22 ",married,tertiary,yes,no,cellular,130,2,failure,no
Tracy  Reed,Male,38,California,Other,16.Dec.2017,"$84,351.72 ",married,secondary,yes,yes,cellular,490,1,unknown,no
Della  Jensen,Female,45,California,Other,16.Dec.2017,"$93,326.18 ",married,tertiary,no,no,cellular,258,2,unknown,no
Salvador  Bass,Male,29,California,White Collar,16.Dec.2017,"$41,767.42 ",married,tertiary,no,no,cellular,337,2,unknown,no
Salvador  Bass,Female,37,California,White Collar,16.Dec.2017,"$121,466.00 ",divorced,unknown,no,no,telephone,220,7,failure,no
Tracy  Reed,Female,33,California,White Collar,16.Dec.2017,"$72,707.82 ",married,secondary,no,no,cellular,79,2,success,no
Max  Rodgers,Male,30,California,Blue Collar,16.Dec.2017,"$10,421.39 ",married,secondary,yes,no,telephone,250,1,unknown,no
Donna  Reid,Male,36,California,White Collar,16.Dec.2017,"$99,282.03 ",married,secondary,yes,no,cellular,130,1,unknown,no
Elvira  Bowman,Female,45,California,White Collar,16.Dec.2017,"$104,185.76 ",single,tertiary,no,no,cellular,882,8,unknown,yes
Billie  Chandler,Female,45,California,White Collar,16.Dec.2017,"$2,146.51 ",single,secondary,yes,yes,cellular,515,1,other,no
Kyle  Carr,Female,38,California,White Collar,16.Dec.2017,"$5,784.00 ",married,secondary,yes,no,cellular,238,3,failure,no
Jenny  Garcia,Male,30,California,White Collar,16.Dec.2017,"$43,929.33 ",single,tertiary,no,no,telephone,32,2,unknown,no
Rachel  Gomez,Female,34,California,Blue Collar,16.Dec.2017,"$136,303.69 ",married,secondary,yes,no,unknown,907,2,unknown,no
Edwin  Malone,Female,27,California,White Collar,16.Dec.2017,"$64,031.01 ",married,primary,no,no,unknown,162,1,unknown,no
Rachel  Gomez,Male,33,California,White Collar,16.Dec.2017,"$173,994.96 ",married,tertiary,no,no,unknown,70,2,unknown,no
Ruben  Nunez,Male,35,California,White Collar,16.Dec.2017,"$51,308.07 ",single,secondary,yes,no,unknown,99,6,unknown,no
Marion  Glover,Female,44,California,Other,16.Dec.2017,"$21,735.64 ",married,secondary,yes,no,unknown,325,1,unknown,no
Woodrow  Colon,Female,34,California,Blue Collar,16.Dec.2017,"$61,288.60 ",married,secondary,no,yes,cellular,305,12,unknown,no
Fernando  Rowe,Male,33,California,White Collar,16.Dec.2017,"$103,604.76 ",married,secondary,yes,no,cellular,631,1,unknown,no
Dan  Peterson,Female,60,Nevada,Other,16.Dec.2017,"$101,362.49 ",divorced,secondary,no,no,cellular,169,1,failure,yes
Christina  Fuller,Female,40,Nevada,Other,16.Dec.2017,"$24,579.52 ",single,secondary,yes,no,cellular,61,2,unknown,no
Donna  Reid,Male,56,Nevada,Blue Collar,16.Dec.2017,"$139,049.70 ",married,secondary,no,no,cellular,256,2,unknown,no
Elbert  Klein,Male,61,Nevada,Other,16.Dec.2017,"$82,717.10 ",single,tertiary,no,no,unknown,58,3,unknown,no
Nellie  Joseph,Female,55,Nevada,Blue Collar,16.Dec.2017,"$49,939.67 ",married,primary,yes,no,unknown,142,3,unknown,no
Sylvester  Morales,Male,25,Nevada,Blue Collar,16.Dec.2017,"$18,348.58 ",single,tertiary,yes,no,telephone,36,6,other,no
Drew  Rogers,Male,53,Nevada,Blue Collar,16.Dec.2017,"$170,237.16 ",married,tertiary,no,no,cellular,106,1,unknown,yes
Marian  Hill,Male,43,Nevada,Blue Collar,16.Dec.2017,"$66,225.01 ",single,tertiary,no,no,cellular,71,4,unknown,no
Lula  Daniels,Male,51,Nevada,Blue Collar,16.Dec.2017,"$80,856.55 ",married,secondary,no,no,cellular,132,6,unknown,no
Edwin  Malone,Male,29,Wyoming,Blue Collar,16.Dec.2017,"$44,638.87 ",married,secondary,yes,no,unknown,120,1,unknown,no
Jaime  Pearson,Female,37,Wyoming,White Collar,16.Dec.2017,"$138,734.81 ",divorced,tertiary,no,no,cellular,181,2,failure,no
Marian  Hill,Female,36,Wyoming,Other,16.Dec.2017,"$90,210.19 ",divorced,secondary,no,no,unknown,152,2,unknown,no
Isabel  Cross,Female,45,Wyoming,Other,16.Dec.2017,"$129,066.88 ",single,secondary,yes,no,unknown,302,1,unknown,no
Felicia  Jennings,Female,32,Wyoming,White Collar,16.Dec.2017,"$40,707.43 ",married,tertiary,no,no,cellular,93,3,unknown,yes
Pauline  Beck,Male,36,California,Blue Collar,17.Dec.2017,"$60,787.57 ",married,secondary,no,no,unknown,235,2,unknown,no
Isabel  Cross,Male,32,California,White Collar,17.Dec.2017,"$64,113.10 ",single,tertiary,no,no,cellular,129,1,unknown,yes
Cassandra  Franklin,Female,32,California,White Collar,17.Dec.2017,"$76,827.12 ",married,primary,yes,no,cellular,94,2,unknown,no
Salvador  Bass,Male,32,California,White Collar,17.Dec.2017,"$54,895.34 ",married,secondary,yes,no,cellular,310,1,unknown,no
Kyle  Carr,Male,40,California,White Collar,17.Dec.2017,"$5,805.28 ",married,secondary,yes,no,cellular,195,7,unknown,no
Dan  Peterson,Female,26,California,White Collar,17.Dec.2017,"$124,434.88 ",single,secondary,yes,no,unknown,196,1,unknown,no
Elvira  Bowman,Male,35,California,White Collar,17.Dec.2017,"$205,941.24 ",single,primary,yes,no,unknown,93,1,unknown,no
Della  Jensen,Male,32,California,Blue Collar,17.Dec.2017,"$25,456.43 ",married,secondary,no,no,telephone,394,2,unknown,yes
Eric  Rose,Female,29,California,White Collar,17.Dec.2017,"$7,926.99 ",married,secondary,yes,no,cellular,288,3,unknown,no
Kyle  Carr,Male,25,California,Other,17.Dec.2017,"$66,439.30 ",married,secondary,yes,no,cellular,208,2,unknown,no
Bethany  Pena,Female,49,Nevada,Other,17.Dec.2017,"$11,750.64 ",married,tertiary,no,no,cellular,508,1,unknown,yes
Sylvester  Morales,Female,49,Nevada,Other,17.Dec.2017,"$8,926.00 ",single,primary,no,no,cellular,86,2,unknown,no
Johanna  Boone,Male,54,Nevada,Blue Collar,17.Dec.2017,"$38,456.48 ",married,secondary,yes,no,cellular,189,1,unknown,no
Andrew  Meyer,Female,55,Nevada,Other,17.Dec.2017,"$150,737.40 ",married,secondary,no,no,unknown,249,2,unknown,no
Elvira  Bowman,Male,60,Nevada,Blue Collar,17.Dec.2017,"$33,011.85 ",married,primary,yes,no,cellular,450,1,unknown,no
Shari  Silva,Male,48,Nevada,Blue Collar,17.Dec.2017,"$4,238.48 ",single,unknown,yes,no,cellular,680,1,failure,no
Bernadette  Page,Male,48,Nevada,Other,17.Dec.2017,"$81,502.64 ",married,secondary,yes,no,unknown,175,2,unknown,no
Sandra  Floyd,Male,39,California,White Collar,18.Dec.2017,"$82,767.12 ",married,primary,no,no,cellular,479,1,unknown,yes
Marian  Hill,Male,31,California,White Collar,18.Dec.2017,"$48,197.19 ",single,tertiary,no,no,cellular,270,3,other,no
Kyle  Carr,Female,36,California,White Collar,18.Dec.2017,"$30,229.06 ",single,tertiary,no,no,cellular,164,1,unknown,no
Isabel  Cross,Male,32,California,Other,18.Dec.2017,"$7,437.22 ",married,secondary,yes,no,cellular,158,1,success,no
Iris  Underwood,Female,54,Nevada,Other,18.Dec.2017,"$91,699.36 ",married,secondary,no,no,cellular,50,4,unknown,no
Willie  Vega,Female,46,Nevada,White Collar,18.Dec.2017,"$15,512.37 ",married,secondary,no,no,cellular,80,2,unknown,no
Jenny  Garcia,Female,44,Nevada,Other,18.Dec.2017,"$90,214.49 ",married,tertiary,no,no,cellular,45,1,unknown,no
Woodrow  Colon,Male,34,Wyoming,White Collar,18.Dec.2017,"$60,267.28 ",single,secondary,no,no,cellular,220,2,unknown,no
Robert  Munoz,Female,36,California,Blue Collar,19.Dec.2017,"$132,770.85 ",single,secondary,yes,no,unknown,161,2,unknown,no
Bernadette  Page,Female,22,California,White Collar,19.Dec.2017,"$23,301.60 ",married,secondary,no,no,unknown,98,1,unknown,no
Dan  Peterson,Male,23,California,White Collar,19.Dec.2017,"$102,250.57 ",married,secondary,no,yes,unknown,79,1,unknown,no
Herman  Williams,Male,35,California,White Collar,19.Dec.2017,"$60,162.51 ",married,primary,yes,yes,unknown,157,2,unknown,no
Bethany  Pena,Female,37,California,White Collar,19.Dec.2017,"$47,957.57 ",single,secondary,yes,no,cellular,339,1,unknown,no
Rachel  Gomez,Female,23,California,White Collar,19.Dec.2017,"$70,318.15 ",married,secondary,yes,no,unknown,274,2,unknown,no
Elaine  Ellis,Female,30,California,White Collar,19.Dec.2017,"$24,928.58 ",married,primary,yes,no,unknown,977,1,unknown,no
Elvira  Bowman,Male,32,California,White Collar,19.Dec.2017,"$83,929.34 ",divorced,tertiary,no,yes,unknown,127,2,unknown,no
Della  Jensen,Female,48,California,White Collar,19.Dec.2017,"$67,411.60 ",single,primary,yes,no,unknown,329,4,unknown,no
Lynette  Brewer,Male,29,California,White Collar,19.Dec.2017,"$38,305.63 ",single,secondary,no,no,telephone,1441,3,unknown,no
Trevor  Jones,Female,36,California,White Collar,19.Dec.2017,"$45,676.55 ",single,secondary,yes,no,unknown,231,1,unknown,no
Marion  Glover,Female,37,California,White Collar,19.Dec.2017,"$41,729.34 ",married,tertiary,yes,no,cellular,96,2,failure,no
Lorraine  Gibson,Male,29,California,White Collar,19.Dec.2017,"$76,475.01 ",married,secondary,yes,no,cellular,213,1,failure,no
Sonya  Mullins,Female,46,California,Other,19.Dec.2017,"$106,352.31 ",married,secondary,yes,no,cellular,335,1,unknown,yes
Willie  Vega,Male,40,California,White Collar,19.Dec.2017,"$14,603.66 ",divorced,secondary,yes,no,cellular,959,3,other,yes
Cassandra  Franklin,Male,39,California,White Collar,19.Dec.2017,"$16,453.37 ",divorced,secondary,yes,no,cellular,429,3,unknown,yes
Max  Rodgers,Male,45,Nevada,Blue Collar,19.Dec.2017,"$3,854.87 ",single,tertiary,no,no,cellular,383,6,unknown,no
Herman  Williams,Male,53,Nevada,White Collar,19.Dec.2017,"$64,717.52 ",married,secondary,yes,no,unknown,40,1,unknown,no
Mable  Lindsey,Male,42,Nevada,Other,19.Dec.2017,"$46,152.85 ",married,primary,yes,no,unknown,110,2,unknown,no
Drew  Rogers,Female,42,Nevada,Other,19.Dec.2017,"$83,782.37 ",married,secondary,no,no,unknown,326,1,unknown,no
Cecilia  Manning,Male,58,Nevada,Blue Collar,19.Dec.2017,"$15,274.93 ",divorced,unknown,yes,no,unknown,179,3,unknown,no
Iris  Underwood,Female,33,Wyoming,White Collar,19.Dec.2017,"$114,369.69 ",married,secondary,yes,yes,cellular,132,8,unknown,no
Marian  Hill,Female,28,Wyoming,White Collar,19.Dec.2017,"$73,235.21 ",married,secondary,yes,yes,cellular,95,1,unknown,no
Della  Jensen,Female,42,California,Other,20.Dec.2017,"$91,691.82 ",married,tertiary,yes,yes,cellular,248,2,unknown,no
Salvador  Bass,Female,34,California,White Collar,20.Dec.2017,"$5,495.39 ",married,unknown,yes,no,cellular,100,3,failure,no
Cassandra  Franklin,Female,24,California,White Collar,20.Dec.2017,"$88,949.40 ",divorced,secondary,yes,no,unknown,226,10,unknown,no
Shari  Silva,Female,36,California,White Collar,20.Dec.2017,"$23,588.61 ",married,tertiary,no,yes,unknown,174,3,unknown,no
Della  Jensen,Male,44,California,Blue Collar,20.Dec.2017,"$241,069.90 ",single,tertiary,yes,no,cellular,29,3,failure,no
Rachel  Gomez,Female,34,California,White Collar,20.Dec.2017,"$6,417.84 ",married,secondary,yes,no,unknown,176,2,unknown,no
Iris  Underwood,Female,28,California,Other,20.Dec.2017,"$102,683.76 ",divorced,secondary,yes,no,cellular,106,2,unknown,no
Ben  Perez,Female,27,California,White Collar,20.Dec.2017,"$83,031.03 ",married,secondary,yes,no,cellular,136,1,failure,no
Trevor  Jones,Female,34,California,Blue Collar,20.Dec.2017,"$23,382.96 ",single,tertiary,no,no,cellular,110,2,success,yes
Sandra  Floyd,Female,31,California,White Collar,20.Dec.2017,"$73,024.61 ",married,secondary,no,no,cellular,230,3,unknown,no
Don  Gonzales,Male,36,California,White Collar,20.Dec.2017,"$62,926.12 ",single,unknown,no,no,unknown,140,7,unknown,no
Christy  Olson,Male,49,Nevada,Other,20.Dec.2017,"$66,045.01 ",married,secondary,yes,no,unknown,118,2,unknown,no
Bernadette  Page,Female,46,Nevada,Other,20.Dec.2017,"$23,102.13 ",divorced,secondary,yes,yes,cellular,151,10,unknown,no
Drew  Rogers,Male,46,Nevada,Blue Collar,20.Dec.2017,"$130,573.09 ",married,secondary,yes,no,telephone,693,2,unknown,no
Joey  Wong,Male,54,Nevada,Blue Collar,20.Dec.2017,"$12,261.55 ",married,secondary,no,no,cellular,31,1,unknown,no
Donna  Reid,Male,39,Nevada,Blue Collar,20.Dec.2017,$263.12 ,divorced,tertiary,no,no,cellular,125,2,unknown,no
Sylvester  Morales,Female,42,Nevada,Other,20.Dec.2017,"$1,585.39 ",married,primary,yes,yes,cellular,670,4,success,yes
Drew  Rogers,Male,34,Wyoming,White Collar,20.Dec.2017,"$93,023.45 ",married,secondary,yes,no,cellular,454,2,failure,yes
Shari  Silva,Female,35,Wyoming,Other,20.Dec.2017,"$63,794.04 ",married,secondary,yes,yes,unknown,159,3,unknown,no
Johanna  Boone,Female,34,Oregon,White Collar,20.Dec.2017,"$130,840.54 ",married,secondary,no,no,cellular,504,2,unknown,no
Salvador  Bass,Female,52,Oregon,Other,20.Dec.2017,"$177,128.30 ",divorced,secondary,no,no,telephone,29,28,unknown,no
Della  Jensen,Female,32,California,Blue Collar,21.Dec.2017,"$15,652.88 ",single,tertiary,yes,no,cellular,190,1,failure,no
Rachel  Gomez,Female,38,California,White Collar,21.Dec.2017,"$4,244.84 ",married,secondary,yes,no,unknown,332,2,unknown,no
Fernando  Rowe,Female,26,California,White Collar,21.Dec.2017,"$81,977.84 ",married,primary,yes,no,telephone,143,4,failure,no
Drew  Rogers,Male,34,California,Blue Collar,21.Dec.2017,"$53,760.49 ",single,secondary,no,no,cellular,77,1,other,no
Rachel  Gomez,Male,28,California,Blue Collar,21.Dec.2017,"$81,279.93 ",married,secondary,no,no,cellular,517,4,unknown,no
Willie  Vega,Female,22,California,White Collar,21.Dec.2017,"$120,398.00 ",married,secondary,no,yes,cellular,2029,1,unknown,yes
Pauline  Beck,Male,27,California,White Collar,21.Dec.2017,"$33,618.61 ",married,tertiary,yes,no,cellular,269,1,unknown,no
Max  Rodgers,Male,37,California,Blue Collar,21.Dec.2017,"$34,489.39 ",married,secondary,no,no,cellular,457,2,unknown,no
Brooke  Horton,Male,50,Nevada,Blue Collar,21.Dec.2017,"$56,398.73 ",married,primary,no,yes,cellular,184,1,unknown,no
Ivan  Adkins,Female,43,Nevada,Other,21.Dec.2017,"$4,919.90 ",married,tertiary,yes,no,cellular,47,4,unknown,no
Trevor  Jones,Male,33,Nevada,White Collar,21.Dec.2017,$976.67 ,married,secondary,yes,no,unknown,158,2,unknown,no
Sonya  Mullins,Male,61,Nevada,Blue Collar,21.Dec.2017,"$53,952.75 ",married,primary,no,no,telephone,168,3,unknown,no
Cecilia  Manning,Male,56,Nevada,Blue Collar,21.Dec.2017,"$1,103.30 ",married,secondary,yes,no,cellular,50,1,unknown,no
Rachel  Gomez,Male,42,Nevada,Blue Collar,21.Dec.2017,"$62,669.33 ",married,secondary,no,yes,cellular,757,4,unknown,no
Della  Jensen,Male,54,Nevada,Blue Collar,21.Dec.2017,"$44,431.33 ",married,secondary,yes,yes,cellular,93,4,unknown,no
Pauline  Beck,Female,37,Wyoming,Blue Collar,21.Dec.2017,"$151,539.90 ",married,secondary,no,no,cellular,285,2,unknown,no
Ivan  Adkins,Male,36,California,White Collar,22.Dec.2017,"$11,535.57 ",married,secondary,yes,no,cellular,390,1,unknown,no
Donna  Reid,Female,38,California,Blue Collar,22.Dec.2017,"$140,535.36 ",married,secondary,yes,no,cellular,146,2,unknown,no
Isabel  Cross,Male,30,California,Blue Collar,22.Dec.2017,"$161,528.19 ",single,secondary,yes,no,unknown,386,1,unknown,no
Paulette  Spencer,Male,37,California,Blue Collar,22.Dec.2017,"$25,866.24 ",married,tertiary,no,no,cellular,145,7,unknown,no
Mable  Lindsey,Male,27,California,White Collar,22.Dec.2017,"$52,911.01 ",single,secondary,no,yes,cellular,230,1,unknown,no
Max  Rodgers,Female,60,Nevada,Other,22.Dec.2017,"$42,597.24 ",divorced,tertiary,no,no,cellular,237,2,failure,no
Brooke  Horton,Female,44,Nevada,Other,22.Dec.2017,"$21,842.34 ",single,primary,no,no,cellular,474,2,unknown,no
Christy  Olson,Male,45,Wyoming,White Collar,22.Dec.2017,"$42,510.84 ",married,secondary,yes,no,unknown,350,4,unknown,no
Eddie  Green,Male,38,California,White Collar,23.Dec.2017,"$107,986.60 ",single,secondary,yes,no,cellular,487,7,unknown,no
Lula  Daniels,Female,34,California,Blue Collar,23.Dec.2017,"$48,804.54 ",married,unknown,no,no,unknown,1009,2,unknown,no
Della  Jensen,Female,37,California,White Collar,23.Dec.2017,"$9,118.30 ",single,tertiary,no,no,cellular,87,1,success,yes
Jenny  Garcia,Male,26,California,Other,23.Dec.2017,"$148,718.12 ",married,secondary,yes,yes,telephone,82,3,unknown,no
Lance  Yates,Male,29,California,White Collar,23.Dec.2017,"$35,764.60 ",single,secondary,yes,no,cellular,183,1,unknown,no
Colleen  Warren,Female,25,California,White Collar,23.Dec.2017,"$7,642.06 ",married,secondary,no,no,telephone,139,5,unknown,no
Austin  Reynolds,Female,36,California,White Collar,23.Dec.2017,"$56,244.36 ",single,secondary,yes,no,unknown,115,3,unknown,no
Lance  Yates,Male,21,California,White Collar,23.Dec.2017,"$27,622.57 ",single,tertiary,no,no,cellular,124,2,unknown,no
Lance  Yates,Female,36,California,White Collar,23.Dec.2017,"$70,733.69 ",single,tertiary,yes,no,unknown,633,28,unknown,no
Beth  Tucker,Female,35,California,Blue Collar,23.Dec.2017,$249.54 ,single,secondary,no,no,telephone,718,1,unknown,yes
Trevor  Jones,Male,38,California,White Collar,23.Dec.2017,"$41,766.16 ",married,tertiary,yes,no,cellular,63,1,unknown,no
Cassandra  Franklin,Female,30,California,White Collar,23.Dec.2017,"$25,652.57 ",married,secondary,no,no,cellular,180,1,failure,no
Arturo  Francis,Female,29,California,White Collar,23.Dec.2017,$145.81 ,married,tertiary,no,no,cellular,47,1,failure,no
Billie  Chandler,Female,33,California,Blue Collar,23.Dec.2017,"$67,963.93 ",married,secondary,yes,no,cellular,391,1,unknown,no
Della  Jensen,Female,38,California,White Collar,23.Dec.2017,"$45,822.07 ",single,tertiary,no,yes,unknown,85,3,unknown,no
Cassandra  Franklin,Male,31,California,White Collar,23.Dec.2017,"$73,032.09 ",single,tertiary,yes,no,cellular,373,1,unknown,no
Eric  Rose,Female,36,California,White Collar,23.Dec.2017,"$7,262.81 ",divorced,secondary,no,no,cellular,289,2,unknown,no
Willie  Vega,Male,40,California,White Collar,23.Dec.2017,"$94,507.10 ",single,tertiary,no,no,telephone,805,1,other,yes
Blake  Bridges,Female,37,California,White Collar,23.Dec.2017,"$59,213.21 ",divorced,primary,yes,no,cellular,623,1,success,yes
Sandra  Floyd,Female,35,California,White Collar,23.Dec.2017,"$38,970.82 ",married,secondary,yes,no,unknown,483,1,unknown,no
Drew  Rogers,Female,20,California,White Collar,23.Dec.2017,"$51,532.90 ",divorced,tertiary,yes,no,unknown,26,2,unknown,no
Ernest  Davis,Male,38,California,White Collar,23.Dec.2017,"$69,645.07 ",married,secondary,yes,no,unknown,112,3,unknown,no
Jaime  Pearson,Male,38,California,White Collar,23.Dec.2017,"$46,750.67 ",single,tertiary,yes,no,cellular,213,2,unknown,no
Nellie  Joseph,Male,31,California,White Collar,23.Dec.2017,"$114,072.87 ",married,secondary,yes,no,cellular,129,1,unknown,no
Iris  Underwood,Male,48,Nevada,Blue Collar,23.Dec.2017,"$4,463.69 ",married,primary,no,no,cellular,330,1,success,yes
Joey  Wong,Male,58,Nevada,Blue Collar,23.Dec.2017,"$17,797.10 ",married,primary,no,no,unknown,104,1,unknown,no
Rachel  Gomez,Male,53,Nevada,Blue Collar,23.Dec.2017,"$1,014.27 ",married,primary,no,no,unknown,184,1,unknown,no
Max  Rodgers,Male,30,Nevada,Other,23.Dec.2017,"$40,026.06 ",single,tertiary,no,no,cellular,120,3,unknown,no
Lorraine  Gibson,Male,45,Nevada,Blue Collar,23.Dec.2017,"$4,554.34 ",single,secondary,yes,no,unknown,159,4,unknown,no
Lynette  Brewer,Female,56,Nevada,Other,23.Dec.2017,"$98,821.33 ",married,secondary,yes,no,unknown,391,3,unknown,no
Kyle  Carr,Female,37,Nevada,Other,23.Dec.2017,"$89,037.01 ",married,secondary,yes,no,cellular,112,2,unknown,no
Allan  Ramos,Female,57,Nevada,Other,23.Dec.2017,"$57,512.18 ",married,primary,yes,no,unknown,76,1,unknown,no
Della  Jensen,Male,44,Nevada,Blue Collar,23.Dec.2017,"$6,881.28 ",married,secondary,yes,no,unknown,189,2,unknown,no
Charlie  Wood,Female,58,Nevada,Other,23.Dec.2017,"$89,463.72 ",married,secondary,no,no,unknown,94,1,unknown,no
Brooke  Horton,Male,56,Nevada,Other,23.Dec.2017,"$113,846.84 ",married,primary,yes,no,unknown,184,3,unknown,no
Tiffany  May,Female,28,Wyoming,White Collar,23.Dec.2017,"$53,084.58 ",married,tertiary,yes,no,cellular,100,2,unknown,no
Ruben  Nunez,Male,37,Wyoming,White Collar,23.Dec.2017,"$55,944.78 ",married,tertiary,yes,no,cellular,57,1,unknown,no
Eddie  Green,Male,24,Wyoming,Other,23.Dec.2017,"$11,270.91 ",married,tertiary,yes,no,cellular,525,3,unknown,yes
Ruben  Nunez,Female,36,Wyoming,Blue Collar,23.Dec.2017,"$81,301.55 ",married,secondary,yes,no,cellular,60,1,unknown,no
Woodrow  Colon,Female,38,Wyoming,White Collar,23.Dec.2017,"$23,037.97 ",married,secondary,yes,no,unknown,251,11,unknown,no
Kyle  Carr,Male,29,California,Other,24.Dec.2017,"$25,368.21 ",married,secondary,yes,no,unknown,251,3,unknown,no
Shari  Silva,Male,37,California,White Collar,24.Dec.2017,"$111,391.07 ",married,primary,no,no,cellular,219,6,unknown,no
Beth  Tucker,Female,29,California,White Collar,24.Dec.2017,"$40,002.73 ",married,tertiary,no,no,cellular,976,12,unknown,yes
Charlie  Wood,Female,39,California,Blue Collar,24.Dec.2017,"$34,638.45 ",single,tertiary,no,yes,cellular,46,1,unknown,no
Edwin  Malone,Female,29,California,White Collar,24.Dec.2017,"$55,918.58 ",married,tertiary,yes,no,cellular,185,3,unknown,no
Edwin  Malone,Female,33,California,White Collar,24.Dec.2017,"$28,495.52 ",single,secondary,no,no,cellular,587,2,unknown,yes
Ben  Perez,Male,33,California,Blue Collar,24.Dec.2017,$916.00 ,married,secondary,no,no,cellular,65,2,unknown,no
Edwin  Malone,Female,42,California,White Collar,24.Dec.2017,"$47,135.39 ",married,tertiary,no,no,unknown,491,1,unknown,no
Johanna  Boone,Male,37,California,White Collar,24.Dec.2017,"$53,346.48 ",married,secondary,yes,no,cellular,432,2,unknown,no
Colleen  Warren,Male,36,California,White Collar,24.Dec.2017,"$64,752.51 ",married,tertiary,no,no,cellular,102,1,unknown,no
Lorraine  Gibson,Male,53,Nevada,Blue Collar,24.Dec.2017,"$46,645.82 ",married,secondary,yes,no,cellular,264,1,failure,no
Marian  Hill,Male,34,Nevada,Blue Collar,24.Dec.2017,"$43,760.78 ",married,primary,yes,no,cellular,75,1,failure,no
Cecilia  Manning,Female,54,Nevada,Other,24.Dec.2017,"$18,090.55 ",married,secondary,yes,yes,cellular,106,2,unknown,no
Salvador  Bass,Male,41,Nevada,Blue Collar,24.Dec.2017,"$130,023.27 ",married,secondary,yes,yes,cellular,81,1,unknown,no
Joey  Wong,Female,40,California,White Collar,25.Dec.2017,"$46,919.19 ",married,primary,no,no,cellular,89,23,unknown,no
Rachel  Gomez,Male,49,California,White Collar,25.Dec.2017,"$31,441.64 ",married,tertiary,yes,no,unknown,95,2,unknown,no
Drew  Rogers,Male,32,California,White Collar,25.Dec.2017,"$3,127.84 ",married,secondary,yes,no,unknown,322,1,unknown,no
Robert  Munoz,Female,34,California,White Collar,25.Dec.2017,"$32,396.63 ",married,unknown,no,no,cellular,94,5,other,no
Lynette  Brewer,Male,36,California,Other,25.Dec.2017,"$5,805.87 ",divorced,secondary,no,no,cellular,417,1,other,yes
Austin  Reynolds,Male,31,California,Other,25.Dec.2017,"$24,120.82 ",married,secondary,no,no,cellular,567,1,success,yes
Jaime  Pearson,Female,34,California,White Collar,25.Dec.2017,"$95,039.16 ",married,tertiary,yes,yes,cellular,600,4,other,yes
Woodrow  Colon,Female,33,California,White Collar,25.Dec.2017,"$44,841.84 ",single,secondary,no,no,unknown,5,1,unknown,no
Robert  Munoz,Male,36,California,White Collar,25.Dec.2017,"$61,825.06 ",married,tertiary,yes,no,cellular,464,5,unknown,no
Carla  Mccormick,Male,51,Nevada,Blue Collar,25.Dec.2017,"$7,518.79 ",single,tertiary,no,no,cellular,222,1,unknown,no
Ben  Perez,Male,49,Nevada,Blue Collar,25.Dec.2017,$509.93 ,married,tertiary,yes,no,cellular,469,1,unknown,yes
Salvador  Bass,Male,48,Nevada,White Collar,25.Dec.2017,"$5,489.55 ",married,primary,no,no,cellular,99,1,unknown,no
Marian  Hill,Female,39,Nevada,Other,25.Dec.2017,"$70,151.09 ",married,secondary,yes,no,unknown,297,2,unknown,no
Kyle  Carr,Male,59,Nevada,Blue Collar,25.Dec.2017,"$26,378.15 ",married,secondary,yes,no,cellular,41,3,unknown,no
Cecilia  Manning,Male,59,Nevada,Other,25.Dec.2017,"$3,154.72 ",single,secondary,no,no,cellular,390,1,unknown,no
Billie  Chandler,Female,37,California,White Collar,26.Dec.2017,"$54,204.72 ",married,primary,yes,no,unknown,535,2,unknown,no
Iris  Underwood,Female,50,California,White Collar,26.Dec.2017,"$23,940.48 ",married,primary,no,no,cellular,269,2,unknown,yes
Isabel  Cross,Male,27,California,White Collar,26.Dec.2017,"$49,943.49 ",single,secondary,yes,no,cellular,1010,3,other,no
Shari  Silva,Female,41,California,Blue Collar,26.Dec.2017,"$18,556.78 ",married,tertiary,yes,no,cellular,73,6,unknown,no
Arturo  Francis,Male,43,California,Other,26.Dec.2017,"$121,638.64 ",married,tertiary,yes,yes,unknown,650,1,unknown,no
Robert  Munoz,Male,46,California,Blue Collar,26.Dec.2017,"$52,565.51 ",married,secondary,yes,no,unknown,53,2,unknown,no
Fernando  Rowe,Male,18,California,Blue Collar,26.Dec.2017,"$5,758.07 ",married,secondary,no,yes,unknown,270,1,unknown,no
Cecilia  Manning,Male,23,California,White Collar,26.Dec.2017,"$176,038.46 ",single,tertiary,yes,no,cellular,119,6,unknown,no
Shari  Silva,Female,44,California,White Collar,26.Dec.2017,"$36,183.34 ",married,primary,no,no,cellular,634,2,unknown,no
Peter  Hodges,Male,30,California,Other,26.Dec.2017,"$93,063.85 ",single,secondary,no,no,unknown,72,2,unknown,no
Guillermo  Potter,Male,36,California,Blue Collar,26.Dec.2017,"$76,511.49 ",single,secondary,yes,no,cellular,270,1,failure,no
Della  Jensen,Female,52,Nevada,Other,26.Dec.2017,"$140,591.07 ",married,primary,yes,no,cellular,165,2,failure,no
Max  Rodgers,Male,56,Nevada,Other,26.Dec.2017,"$52,506.13 ",married,tertiary,no,no,cellular,164,2,unknown,no
Cecilia  Manning,Male,53,Nevada,Blue Collar,26.Dec.2017,"$10,430.58 ",single,secondary,yes,no,cellular,196,1,unknown,no
Salvador  Bass,Female,34,Wyoming,Blue Collar,26.Dec.2017,"$6,682.79 ",married,secondary,yes,no,cellular,78,4,unknown,no
Drew  Rogers,Male,30,Wyoming,Blue Collar,26.Dec.2017,"$22,493.58 ",single,tertiary,yes,no,cellular,897,4,unknown,yes
Dan  Peterson,Male,42,California,White Collar,27.Dec.2017,"$83,114.24 ",married,tertiary,no,no,cellular,22,8,unknown,no
Brooke  Horton,Male,43,California,White Collar,27.Dec.2017,"$36,881.52 ",married,tertiary,yes,no,cellular,161,3,unknown,no
Beth  Tucker,Male,33,California,White Collar,27.Dec.2017,"$182,527.28 ",divorced,primary,no,no,unknown,23,4,unknown,no
Ellen  Weaver,Male,48,California,Other,27.Dec.2017,"$107,553.31 ",married,tertiary,yes,no,cellular,490,2,unknown,no
Shari  Silva,Female,32,California,Blue Collar,27.Dec.2017,"$75,948.30 ",single,tertiary,yes,yes,cellular,359,1,unknown,yes
Sylvester  Morales,Female,40,California,White Collar,27.Dec.2017,"$93,733.45 ",married,primary,yes,no,cellular,213,2,unknown,no
Blake  Bridges,Male,43,California,White Collar,27.Dec.2017,"$72,043.69 ",married,unknown,no,no,cellular,122,1,unknown,no
Ivan  Adkins,Female,46,California,White Collar,27.Dec.2017,"$100,012.75 ",single,secondary,yes,no,unknown,587,4,unknown,no
Ruben  Nunez,Female,21,California,Blue Collar,27.Dec.2017,"$62,242.12 ",married,primary,no,no,unknown,199,6,unknown,no
Salvador  Bass,Male,23,California,Blue Collar,27.Dec.2017,"$10,762.21 ",divorced,secondary,no,no,cellular,261,2,unknown,no
Salvador  Bass,Female,51,Nevada,Other,27.Dec.2017,"$9,783.55 ",married,secondary,no,no,telephone,5,3,unknown,no
Kyle  Carr,Female,37,Nevada,Other,27.Dec.2017,"$44,276.43 ",married,tertiary,no,no,cellular,1531,1,unknown,no
Cecilia  Manning,Male,58,Nevada,Other,27.Dec.2017,"$27,147.22 ",married,primary,yes,no,unknown,92,1,unknown,no
Cindy  Becker,Male,52,Nevada,Blue Collar,27.Dec.2017,"$125,048.04 ",married,tertiary,yes,yes,cellular,179,2,unknown,no
Paulette  Spencer,Male,42,Nevada,Blue Collar,27.Dec.2017,"$65,212.06 ",divorced,primary,yes,no,unknown,41,1,unknown,no
Willie  Vega,Male,29,Wyoming,Other,27.Dec.2017,"$20,760.07 ",married,secondary,yes,yes,cellular,197,2,failure,no
Ernest  Davis,Female,31,California,White Collar,28.Dec.2017,"$40,344.73 ",single,secondary,no,no,cellular,144,5,unknown,no
Brooke  Horton,Male,37,California,White Collar,28.Dec.2017,"$16,247.90 ",married,primary,no,no,unknown,255,1,unknown,no
Joey  Wong,Male,36,California,White Collar,28.Dec.2017,"$37,168.81 ",married,secondary,yes,no,unknown,56,2,unknown,no
Sonya  Mullins,Male,35,California,White Collar,28.Dec.2017,"$32,466.24 ",married,tertiary,yes,no,cellular,20,6,other,no
Lorraine  Gibson,Male,35,California,White Collar,28.Dec.2017,"$26,947.63 ",married,tertiary,no,no,cellular,331,7,unknown,no
Jaime  Pearson,Male,49,Nevada,Blue Collar,28.Dec.2017,"$73,058.22 ",married,tertiary,no,no,cellular,216,1,success,yes
Lee  Mack,Female,44,Nevada,Other,28.Dec.2017,"$15,325.37 ",single,tertiary,yes,no,unknown,64,1,unknown,no
Trevor  Jones,Female,43,Nevada,Other,28.Dec.2017,"$29,395.03 ",married,secondary,yes,yes,unknown,34,1,unknown,no
Carla  Mccormick,Male,54,Nevada,Other,28.Dec.2017,"$42,431.64 ",single,secondary,no,no,cellular,68,1,failure,no
Ernest  Davis,Female,29,Wyoming,Blue Collar,28.Dec.2017,"$38,413.36 ",married,tertiary,yes,no,unknown,764,3,unknown,no
Eddie  Green,Male,25,California,White Collar,29.Dec.2017,"$7,880.18 ",divorced,tertiary,yes,no,cellular,64,1,unknown,no
Tiffany  May,Male,38,California,White Collar,29.Dec.2017,"$94,990.93 ",single,secondary,yes,no,unknown,257,2,unknown,no
Peter  Hodges,Male,44,California,Blue Collar,29.Dec.2017,"$88,940.76 ",married,primary,yes,no,cellular,58,3,failure,no
Lee  Mack,Female,35,California,Blue Collar,29.Dec.2017,"$31,969.75 ",single,tertiary,no,no,cellular,30,3,unknown,no
Christy  Olson,Female,30,California,White Collar,29.Dec.2017,"$6,820.88 ",married,secondary,yes,no,cellular,529,5,unknown,no
Paulette  Spencer,Male,26,California,White Collar,29.Dec.2017,"$55,169.06 ",married,secondary,yes,no,telephone,8,7,unknown,no
Elbert  Klein,Female,41,California,White Collar,29.Dec.2017,"$124,799.39 ",single,tertiary,yes,yes,unknown,147,1,unknown,no
Max  Rodgers,Female,30,California,White Collar,29.Dec.2017,"$208,631.37 ",married,secondary,no,no,cellular,173,2,unknown,no
Ivan  Adkins,Male,18,California,White Collar,29.Dec.2017,"$34,923.19 ",single,secondary,yes,no,unknown,132,1,unknown,no
Ernest  Davis,Male,29,California,White Collar,29.Dec.2017,"$45,010.51 ",married,tertiary,no,no,unknown,286,1,unknown,no
Isabel  Cross,Female,41,California,White Collar,29.Dec.2017,"$42,654.70 ",married,tertiary,no,no,unknown,476,1,unknown,no
